Webinar-7-31-2019/PredictionGrids_CV_example/preds_0.5_TD100.asc
NCOLS 250 
NROWS 718 
XLLCORNER -2256000 
YLLCORNER 1557000 
CELLSIZE 1000 
NODATA_value -9999 
[rows 594 to 620 of 718, columns 183 to 243 of 250]
0.12895549029682 0.0826812045472486 0.0933081659233823 0.0696940822284689 0.0659295159255267 0.0570660362193157 0.0598189469725647 0.0660249245967583 0.088999001719846 0.0745386313449419 0.0821841853295956 0.0866096910098356 0.0576655619072535 0.057728835224714 0.0612573357695717 0.0747209359871029 0.088724716859435 0.0979657518839924 0.109289536889117 0.134028355492951 0.126416473311467 0.126749581352148 0.130903319761451 0.13955739231563 0.109960164623014 0.106045346359124 0.103199163255785 0.0896637981325466 0.0909512456977018 0.0897233427051545 0.0817294763058965 0.102700303922137 0.105602005590961 0.0996270000423743 0.157455904824688 0.117032140965885 0.155112781833586 -9999 -9999 -9999 -9999 -9999 -9999 -9999 -9999 -9999 -9999 -9999 -9999 -9999 -9999 -9999 -9999 -9999 -9999 -9999 -9999 -9999 -9999 -9999 -9999
0.128202508306419 0.072019312729964 0.0962968006089031 0.0685078569119422 0.0771926834779425 0.0567746811981944 0.0587945213760788 0.06065602034793 0.110079181511595 0.0966029454627416 0.0767132498655028 0.0791206399161755 0.0576563899911003 0.0567141452213722 0.0654125341860059 0.0705348601693077 0.0784777111893046 0.121066697440999 0.0995942001065015 0.0877134633768975 0.0976568809471368 0.114449144192423 0.136221471741862 0.140963343895776 0.125546286794643 0.0940674046782278 0.0758433423597371 0.0891907779100102 0.100770068403333 0.0949294733518188 0.124430104974877 0.187643150827558 0.189458623169457 0.163532843742506 0.0976360020045267 0.142979414816916 0.106931141233979 -9999 -9999 -9999 -9999 -9999 -9999 -9999 -9999 -9999 -9999 -9999 -9999 -9999 -9999 -9999 -9999 -9999 -9999 -9999 -9999 -9999 -9999 -9999 -9999
0.0785745492489942 0.0968591403719987 0.103574060351678 0.0858518337488005 0.0809935352837613 0.0625133262458525 0.0786278243527493 0.105183852678305 0.106599249532107 0.100831517206956 0.0851384553569438 0.078172708568297 0.112894437622297 0.0702337384800084 0.0602267191244085 0.0632116986175437 0.0873260818003294 0.0849315794047898 0.0866911193261543 0.0962393001805259 0.0867377640729623 0.0909010763860031 0.122746383745755 0.115791294306787 0.137219707308263 0.107814608253642 0.0827746610103624 0.0788378700213385 0.0893642640712284 0.0883767292891608 0.11069774167637 0.189604265092896 0.19464545298704 0.16900702325349 0.123293128401437 0.0920275406999945 0.0959964075337705 0.231131608099994 -9999 0.198346573639532 0.184935051685794 -9999 -9999 -9999 -9999 -9999 -9999 -9999 -9999 -9999 -9999 -9999 -9999 -9999 -9999 -9999 -9999 -9999 -9999 -9999 -9999
0.0685909549528457 0.101997768395598 0.0940983102148759 0.0908978506925628 0.0767561531440218 0.0756058018904035 0.0770804974529451 0.0823633366600444 0.0996144593621502 0.0893394747247876 0.0801741732796404 0.0761282327486147 0.101735726264324 0.0666687342202628 0.0626610221678992 0.0860261344538818 0.0849282358289283 0.16747338336504 0.150176391306761 0.0984215134651928 0.0842342709379816 0.0858612753224298 0.103710271974718 0.105431027006446 0.0925429003919647 0.082419235400067 0.0792043006010959 0.079734658417358 0.090308200594197 0.100009328309936 0.098268417320296 0.168326235677257 0.201604905693679 0.209148647446443 0.182988308897813 0.142166018323301 0.0829084840764807 0.175592619121002 0.173859033309766 -9999 -9999 -9999 -9999 -9999 -9999 -9999 -9999 -9999 -9999 -9999 -9999 -9999 -9999 -9999 -9999 -9999 -9999 -9999 -9999 -9999 -9999
0.116625595035536 0.10215274271556 0.0719060015687931 0.0825943620689605 0.0749716008685936 0.0571286433915397 0.0794175315162868 0.10066398708813 0.0953449449372162 0.0789154958211498 0.0945085614514742 0.0966023071683892 0.106978066495836 0.0607313076735976 0.0609795556532299 0.171367489931995 0.178354508759571 0.18077807116921 0.186560000870891 0.187193656864313 0.122871918843686 0.0930823873364709 0.0954236240368144 0.104481650605419 0.0978548243133226 0.102734597901451 0.0831625392411953 0.0760351718931258 0.0900381797977889 0.0986234343148616 0.0973430315722785 0.0847357147479035 0.138476754330724 0.217649336570569 0.207997437378574 0.186835665638924 0.150802289679951 0.11200200662255 -9999 -9999 -9999 -9999 -9999 -9999 -9999 -9999 -9999 -9999 -9999 -9999 -9999 -9999 -9999 -9999 -9999 -9999 -9999 -9999 -9999 -9999 -9999
0.0970911848863161 0.0915488722876267 0.063392903606358 0.0564642834751013 0.0721057659555429 0.056314379008569 0.0562077096770515 0.0705732798298177 0.0715734878486769 0.0735853149405343 0.132868707213675 0.133903349758362 0.0894044727554394 0.0919526305636537 0.0765760742519608 0.180434367341882 0.179426106984404 0.193696810222145 0.173718611909171 0.171861289919344 0.193170357965949 0.0718690367445166 0.0769395050421475 0.0876075824507333 0.0881784815137736 0.0797594965236247 0.0871965612850719 0.0867152259818023 0.0897507329742117 0.0862685634856621 0.0816708398172358 0.0825309835928956 0.0965380660016314 0.108746578600518 0.172788130680133 0.189511493516533 0.160223127010544 0.0962529684893279 0.0841335302807262 -9999 -9999 -9999 -9999 -9999 -9999 -9999 -9999 -9999 -9999 -9999 -9999 -9999 -9999 -9999 -9999 -9999 -9999 -9999 -9999 -9999 -9999
0.0959441157059013 0.0834841814729728 0.0849955087456972 0.0790619432087498 0.0821692942125324 0.0789063651211514 0.056117090576485 0.0778516937225052 0.0799318298578875 0.0797664969834155 0.0910161449740062 0.0926331303969544 0.0885720549893381 0.0938655386211582 0.194955635654637 0.181902682426501 0.202003563866046 0.200824305700977 0.194159386598 0.171684684402398 0.218492318102749 0.0782730090986331 0.0847920885629644 0.088067580055138 0.0758128553536711 0.0836507521199808 0.0864728319688141 0.0866432381014109 0.0858176368554647 0.0875963510608763 0.0848956978443054 0.084057733658794 0.0824719778005414 0.0836449148128959 0.0843250778835398 0.0933251689410841 0.0997516796079845 0.0884077433489819 0.099462777588592 -9999 -9999 -9999 -9999 -9999 -9999 -9999 -9999 -9999 -9999 -9999 -9999 -9999 -9999 -9999 -9999 -9999 -9999 -9999 -9999 -9999 -9999
0.108777532965862 0.102319551868742 0.0875504838979857 0.0743608592974271 0.071395875423523 0.0734047270196718 0.069461899625399 0.0806033616150983 0.0957152967122828 0.0931132621132355 0.0747958770626724 0.0778110196644471 0.051956905933222 0.0600488258951487 0.180611720934031 0.195110927557357 0.198251411527244 0.240600142888677 0.217032961822294 0.182302366507398 0.230919133120505 0.0793752775637867 0.0797058865921922 0.0876999442102824 0.0863678689193271 0.0845446623073627 0.0743886501277384 0.0757243482960032 0.0825276546687475 0.179479928310704 0.147203004107285 0.194367099601687 0.171049085948285 0.0887557147131466 0.0855086610292638 0.0811976505924955 0.164540047836567 0.101275677055553 0.0797761878803995 -9999 -9999 -9999 -9999 -9999 -9999 -9999 -9999 -9999 -9999 -9999 -9999 -9999 -9999 -9999 -9999 -9999 -9999 -9999 -9999 -9999 -9999
0.106968840217436 0.101287072585535 0.0746207628308696 0.0594619524686842 0.0521390891648287 0.0584334297095991 0.0534682858006595 0.0568385482026215 0.0706215772918144 0.0806304331797896 0.0941994544813987 0.0944643758862536 0.074764200784527 0.0605471234786234 0.0786412705201607 0.18255837647856 0.175808298026231 0.181669505046531 0.185258652258445 0.235424073330683 0.0821105332508789 0.0841560612750375 0.0863508847058242 0.0859205462697965 0.0826765052817752 0.0842351508587367 0.0796223097609856 0.0801673087502407 0.0774069800312634 0.0911162390232654 0.126839026404702 0.122006971338282 0.127026195139488 0.194496505708036 0.198736023403244 0.104734088636602 0.0774701529029691 0.0791790118749219 -9999 -9999 -9999 -9999 -9999 -9999 -9999 -9999 -9999 -9999 -9999 -9999 -9999 -9999 -9999 -9999 -9999 -9999 -9999 -9999 -9999 -9999 -9999
0.102869466498924 0.0909689880248386 0.0881564283020119 0.0915834480155243 0.0690252107872446 0.0606570642073933 0.0685335191637901 0.0714736124232926 0.0702023390108347 0.0570160679687241 0.0808753833795715 0.0971225075630957 0.0755637744323769 0.0660648015208192 0.0608216309902656 0.0686321525606555 0.08078948090118 0.141644154846956 0.0789344885573717 0.0905153181581603 0.0748639622269108 0.0670670977523581 0.0726890126365207 0.0925532333095296 0.081189616538124 0.0811562042039587 0.0863885483651439 0.106663924508078 0.0930186507458231 0.11555642177 0.206345692934098 0.150282399521919 0.152930120269754 0.0978634510528307 0.160064315319166 0.178540282830508 0.141377523075073 0.139322164822853 -9999 -9999 -9999 -9999 -9999 -9999 -9999 -9999 -9999 -9999 -9999 -9999 -9999 -9999 -9999 -9999 -9999 -9999 -9999 -9999 -9999 -9999 -9999
0.0861514877579888 0.0910156846959205 0.0961758773794857 0.0928157052825217 0.0665030565387724 0.0565974761438579 0.0479198183320855 0.0467531641463612 0.0520469058337057 0.053467167845305 0.0715273451843092 0.061478235152987 0.0651417199038435 0.0902065206192381 0.096609772378615 0.0687776722828421 0.0697325337541601 0.0462415576179412 0.0787593800255212 0.0687844929521157 0.0643642538063157 0.0697408194410134 0.0750310476161867 0.108326052707548 0.110858626695587 0.119359690715491 0.112338856693453 0.139867930633334 0.107885914396891 0.12913286233925 0.159288238484293 0.174104854824828 0.175419045366838 0.134146310747005 0.101538394245779 0.0792199183624757 0.17336883362693 0.182048495012929 -9999 -9999 -9999 -9999 -9999 -9999 -9999 -9999 -9999 -9999 -9999 -9999 -9999 -9999 -9999 -9999 -9999 -9999 -9999 -9999 -9999 -9999 -9999
0.08333478861909 0.0748474469894355 0.0913027568849414 0.0851698002536112 0.0826339533730039 0.0740448286557016 0.0757345733777402 0.0445482401275437 0.0472215569103404 0.0472807820095931 0.0663394594813393 0.0674884091028742 0.0601363816659634 0.0701221088582549 0.0470194941340765 0.0677007728298305 0.0725340831873889 0.0548790321410837 0.0752370602411153 0.0646051396652192 0.0623243088367285 0.0706134887945457 0.0808120005880868 0.0769114734309354 0.108368652305133 0.121704230192366 0.125232380890267 0.191918155484139 0.11060276419826 0.159344737153739 0.18527218918539 0.189748320789982 0.182701221485757 0.183886576484014 0.125510900081902 0.122001500640103 0.156411891179529 0.147158062411447 0.153883965275437 -9999 -9999 -9999 -9999 -9999 -9999 -9999 -9999 -9999 -9999 -9999 -9999 -9999 -9999 -9999 -9999 -9999 -9999 -9999 -9999 -9999 -9999
0.091304989620954 0.0780862267214634 0.0899085146706997 0.0883533359386589 0.0874751640883663 0.0797608045507049 0.0891468612900541 0.0587223761073149 0.0556606748783082 0.0478741395585044 0.0541123789386897 0.0561743817712292 0.0660644980779754 0.0687506440971454 0.047124543671361 0.0678694270535938 0.05077699714904 0.0679564111226801 0.0528222646518207 0.0685008973473592 0.0631878886131894 0.0632450705411627 0.072880102495044 0.0889336849837358 0.131698115668419 0.122090691176014 0.118525352227269 0.188980416158736 0.182336688222401 0.166060846354178 0.167922141789799 0.196520881012862 0.188834853566878 0.174630865912171 0.183285093776598 0.13921872689571 0.103677061500527 0.178636295651007 0.17844921528988 -9999 -9999 -9999 -9999 -9999 -9999 -9999 -9999 -9999 -9999 -9999 -9999 -9999 -9999 -9999 -9999 -9999 -9999 -9999 -9999 -9999 -9999
0.0626143590257355 0.0744622428660452 0.0792067034537129 0.0750516613699693 0.0836919626186537 0.0783496235956727 0.122936708977038 0.0775503884870471 0.0567982054614535 0.0624191073772105 0.0632098441822814 0.0574045169717077 0.0637723839526191 0.0467646733413462 0.0466233016561524 0.047561288754942 0.0499949245624098 0.0766753099643687 0.0596158205055674 0.0701602388003828 0.082459961983291 0.0662530448120391 0.0730020380028153 0.0884107176184683 0.0890936664241067 0.114358006674925 0.189093236190729 0.191445117802434 0.179765078233346 0.161772640212045 0.150470317353151 0.162808486268118 0.186359707450187 0.178665768624858 0.167467828943524 0.174957671862812 0.140340810608249 0.0810916379723705 0.138683705305959 -9999 -9999 -9999 -9999 -9999 -9999 -9999 -9999 -9999 -9999 -9999 -9999 -9999 -9999 -9999 -9999 -9999 -9999 -9999 -9999 -9999 -9999
0.054695324006889 0.0756671138393845 0.0764002002777459 0.0664045898382109 0.0722714913835672 0.0684992022512999 0.0799318148070652 0.0632272454989025 0.055108578508599 0.0643866402039643 0.0650326073140865 0.05715221132917 0.0578604018762794 0.047309897371665 0.0465077448306544 0.0466470615107569 0.0569983391927655 0.0504059941924239 0.051851360883395 0.0739462045459385 0.0847117985082504 0.0839578264848356 0.0796953968096706 0.086084333755942 0.0852121392577162 0.0855521857164461 0.100461828617732 0.187305648202123 0.140694774932195 0.0914672956698562 0.0987914156494577 0.0883859517984838 0.160159603126006 0.17681930738094 0.17269088137188 0.171739390426547 0.199261771909467 0.150580668463361 0.158603215062236 -9999 -9999 -9999 -9999 -9999 -9999 -9999 -9999 -9999 -9999 -9999 -9999 -9999 -9999 -9999 -9999 -9999 -9999 -9999 -9999 -9999 -9999
0.0642275496274827 0.053645351825736 0.0538153349682636 0.0629477960640142 0.0601967755460602 0.0594241523268042 0.0572401690704902 0.0536887136598133 0.0500007621385005 0.0448844428739064 0.0638743918509238 0.0564036858893739 0.0545149315492644 0.0485157296319847 0.0482905560955711 0.0486826509563625 0.0517499934406734 0.0472941065377354 0.0473700856993983 0.0499080026565824 0.0612223892407674 0.0633560886295219 0.0657227461969161 0.0761696968083412 0.0820273469687397 0.0920491310073418 0.086419824173028 0.185087947095227 0.185130965862732 0.168485686637866 0.175333883602602 0.0906786065693772 0.138701316132345 0.167723569793811 0.169425256676979 0.175778997257173 0.172281411133441 0.169309430423051 -9999 -9999 -9999 -9999 -9999 -9999 -9999 -9999 -9999 -9999 -9999 -9999 -9999 -9999 -9999 -9999 -9999 -9999 -9999 -9999 -9999 -9999 -9999
0.0569484216372922 0.043676865258896 0.0446378148342072 0.0666672057420809 0.0641308924901665 0.0650492966533698 0.0597546600758351 0.0537151219552984 0.0442983915754638 0.044192738139569 0.0638790345577174 0.0649658341204556 0.0544123771695022 0.04730418308105 0.0472684766116392 0.0504978201955879 0.0554446450844503 0.047452901169495 0.0471918515917539 0.0491011576091946 0.0625172482438848 0.06328961193073 0.0630608286749631 0.0802276137491178 0.0713213142115781 0.0817012670319558 0.086844386220159 0.0963281363354677 0.0919025078182039 0.0969284236600477 0.143086225878078 0.139161264455396 0.14454730777544 0.161121734627915 0.163146967766304 0.164662167004841 0.163048749939926 0.16639205160144 -9999 -9999 -9999 -9999 -9999 -9999 -9999 -9999 -9999 -9999 -9999 -9999 -9999 -9999 -9999 -9999 -9999 -9999 -9999 -9999 -9999 -9999 -9999
0.0652695469670461 0.0414934306598885 0.040177951365586 0.0672414253327416 0.0648987571321415 0.0571178116675552 0.0560244504856774 0.0498385515101043 0.0435375152673878 0.0547371255030371 0.060039019509217 0.0758263020930981 0.0552297350186132 0.0480072032035505 0.046870467692135 0.0486309588248983 0.0641620072732004 0.0482612672777856 0.0486211613151611 0.044142664537193 0.0636356375279523 0.0626800759258365 0.0639192036403013 0.0692807003515333 0.0790730993207534 0.0752551275035064 0.0853227323070419 0.0993381928290413 0.091904749442486 0.0955892112936328 0.100115534269309 0.095880262561735 0.133213467126462 0.142279929671489 0.164940471580047 0.165193343200313 0.168100080191548 0.164328135495225 -9999 -9999 -9999 -9999 -9999 -9999 -9999 -9999 -9999 -9999 -9999 -9999 -9999 -9999 -9999 -9999 -9999 -9999 -9999 -9999 -9999 -9999 -9999
0.0600580769567221 0.0380093015296878 0.0383873415762015 0.0405720371214611 0.0579186852668744 0.0539682682117014 0.0570357221330246 0.0482423735650898 0.0460749237386423 0.0536167658769003 0.0821640395443111 0.0716107005085742 0.0476348876963934 0.0522956431698665 0.0500493111266697 0.076232844675077 0.0653958306769139 0.047111949542723 0.0466018420307408 0.045210979361866 0.0620129849659456 0.0622572287563631 0.0651857922737814 0.0655373492916904 0.0680130237394734 0.0667838878694284 0.0773555512365024 0.0875881616995091 0.0800427586737202 0.0951898254550243 0.0994637241288176 0.0973612533106833 0.0930158704221555 -9999 0.095031005637888 0.0949930271538044 0.128679451958868 -9999 -9999 -9999 -9999 -9999 -9999 -9999 -9999 -9999 -9999 -9999 -9999 -9999 -9999 -9999 -9999 -9999 -9999 -9999 -9999 -9999 -9999 -9999 -9999
0.0633534518935785 0.0377556193250878 0.0437133610958765 0.041568208769983 0.0591569307349729 0.0571905893444562 0.0605090738222352 0.0520732597062095 0.0452481495312432 0.045320755754639 0.0567584177004916 0.0780453404174826 0.065226959036935 0.068410351114844 0.0547619542287565 0.0842316633322906 0.0507153027781213 0.0440693987481014 0.0428935911390053 0.044195018394922 0.0451009701877781 0.0474405888568208 0.0708715825090385 0.0831560326830299 0.0824968878523742 0.0895090639043743 0.0856740554806451 0.0695297606126545 0.0679733359150414 0.0929897573315449 0.0906704055057172 0.0921648722593539 0.0909369709593352 -9999 -9999 -9999 -9999 -9999 -9999 -9999 -9999 -9999 -9999 -9999 -9999 -9999 -9999 -9999 -9999 -9999 -9999 -9999 -9999 -9999 -9999 -9999 -9999 -9999 -9999 -9999 -9999
0.0553125725935918 0.0427801257042601 0.0415658642643088 0.0482239243419341 0.0442055184902675 0.0590390910038531 0.0586269267843381 0.0589250117402794 0.0389255733809408 0.0402450266020273 0.0591364094502397 0.0876294482975208 0.0632915010902981 0.0702956479833567 0.0759765405175638 0.120090244893449 0.0722086381149666 0.0545399415794062 0.043610210262118 0.0433607229363593 0.0472620718733196 0.0501865711787304 0.0535418353348546 0.0840509661152803 0.0996407538343231 0.0826586229822481 0.0834922642818977 0.0846062597368365 0.0837969925185423 0.0895470497058284 0.0902184864786711 0.091347194839476 -9999 -9999 -9999 -9999 -9999 -9999 -9999 -9999 -9999 -9999 -9999 -9999 -9999 -9999 -9999 -9999 -9999 -9999 -9999 -9999 -9999 -9999 -9999 -9999 -9999 -9999 -9999 -9999 -9999
0.055955036843952 0.0567176958554951 0.0454321325074338 0.0484037446990208 0.0387215791622435 0.0421899806478422 0.046594807786029 0.0596243808578474 0.0514936094756084 0.0392361854924956 0.0473292379251547 0.0601257017010914 0.0639490410281134 0.0693633443040795 0.0912408947466746 0.0572021581283151 0.0578158781706521 0.0511638965735457 0.0393780816339638 0.0402798634904298 0.0482005770553542 0.0632358736584165 0.06555088206013 0.0774865875498386 0.0774743056551687 0.0730181530730907 0.0732282670923941 0.0789655549256229 0.0719389621807048 0.0784577103728923 0.078677206239738 0.0761755359813318 -9999 -9999 -9999 -9999 -9999 -9999 -9999 -9999 -9999 -9999 -9999 -9999 -9999 -9999 -9999 -9999 -9999 -9999 -9999 -9999 -9999 -9999 -9999 -9999 -9999 -9999 -9999 -9999 -9999
0.0562029952249797 0.057393789478272 0.0554455112530458 0.0448234820433537 0.064877866164641 0.10070323827532 0.103289928141538 0.142413180759015 0.137966958414696 0.0505652786456483 0.0484364219368788 0.0626936360513576 0.0667018374956578 0.0872827074719141 0.066455892595505 0.0500157070772852 0.0503371136490016 0.0671206271006176 0.039986468990123 0.0419505709787421 0.0505037676948038 0.0546178561932898 0.0715717241010892 0.0749440397618662 0.0743526211424859 0.0665279854591776 0.0713252705435166 0.0697212345378314 0.060611515956866 0.0689509538796368 0.0691926061888734 0.0652939779728742 -9999 -9999 -9999 -9999 -9999 -9999 -9999 -9999 -9999 -9999 -9999 -9999 -9999 -9999 -9999 -9999 -9999 -9999 -9999 -9999 -9999 -9999 -9999 -9999 -9999 -9999 -9999 -9999 -9999
0.0578054946062078 0.0580289566272511 0.0559872543137077 0.136719123434841 0.155030330099534 0.122076861685511 0.105236205189778 0.146349689613087 0.144825573097299 0.147758268011533 0.131857144406474 0.0763719998013719 0.0556796417221517 0.0613762881749467 0.0508527943394484 0.0456312087449344 0.0461212312774555 0.0511834410663364 0.0653405854138221 0.0559412673756114 0.0694559686413346 0.0735036394100974 0.0693545382724967 0.0704426680259022 0.0680365761455039 0.0592507295967434 0.0626532331250493 0.065404918280219 0.0649152397687016 0.0632365158527401 0.0656100185360512 0.0641486626791458 -9999 -9999 -9999 -9999 -9999 -9999 -9999 -9999 -9999 -9999 -9999 -9999 -9999 -9999 -9999 -9999 -9999 -9999 -9999 -9999 -9999 -9999 -9999 -9999 -9999 -9999 -9999 -9999 -9999
0.0736939572717146 0.0476708145452454 0.116062444055433 0.123434752890043 0.150340125473511 0.146928656773458 0.13323047990756 0.152621948918286 0.150415622458144 0.174703683564131 0.154438521095678 0.154551658752265 0.174939266291003 0.119000956439503 0.11423751052167 0.0535782333288342 0.0460423660231198 0.0414151538322368 0.051005878855117 0.0558446497718305 0.0543049930582693 0.0704426248261087 0.0738087563791622 0.0741452343517988 0.0721323855468509 0.0613272358281698 0.0616937798948098 0.0627751718547412 0.0714550940072901 0.0641119270274272 0.0544663677655525 -9999 -9999 -9999 -9999 -9999 -9999 -9999 -9999 -9999 -9999 -9999 -9999 -9999 -9999 -9999 -9999 -9999 -9999 -9999 -9999 -9999 -9999 -9999 -9999 -9999 -9999 -9999 -9999 -9999 -9999
0.0447112245228664 0.148539177926506 0.119910759651993 0.134392978825025 0.165739347083016 0.147751893975271 0.149248858371962 0.172749617374261 0.157674660825963 0.180152661175664 0.1746996667571 0.149565842053997 0.148365557482203 0.125228618905228 0.127039020803324 0.127215501035616 0.058103871638197 0.039088261029914 0.058816945878051 0.0703830631773592 0.0669975357080491 0.0721959668648905 0.0681316883814095 0.0712907922978712 0.065490504523227 0.0643178251316358 0.0661698368311012 0.0652190043864782 0.0666749606503457 0.0676955854530879 0.066612649186123 -9999 -9999 -9999 -9999 -9999 -9999 -9999 -9999 -9999 -9999 -9999 -9999 -9999 -9999 -9999 -9999 -9999 -9999 -9999 -9999 -9999 -9999 -9999 -9999 -9999 -9999 -9999 -9999 -9999 -9999
0.106448025751497 0.125864717495344 0.113908974451675 0.146851752380971 0.169100313861816 0.148100486560658 0.155270943913474 0.153989689706451 0.172271616774315 0.18003885970767 0.186317142046861 0.15791936707237 0.122213858358359 0.121783010000938 0.135295935453304 0.155779500256332 0.125794447699488 0.0754696058931527 0.0622393931910114 0.0698334022840371 0.0602542955563015 0.0635008507260294 0.0659210208789962 0.0677406672913632 0.0620456047226542 0.0668991189042085 0.0667575841536143 0.0667575841536143 0.0647569619743669 0.0661867585130526 0.0672189760723762 -9999 -9999 -9999 -9999 -9999 -9999 -9999 -9999 -9999 -9999 -9999 -9999 -9999 -9999 -9999 -9999 -9999 -9999 -9999 -9999 -9999 -9999 -9999 -9999 -9999 -9999 -9999 -9999 -9999 -9999
