Webinar-7-31-2019/PredictionGrids_CV_example/preds_0.5_TD150.asc
NCOLS 250 
NROWS 718 
XLLCORNER -2256000 
YLLCORNER 1557000 
CELLSIZE 1000 
NODATA_value -9999 
[rows 567 to 593 of 718, columns 183 to 243 of 250]
0.422685004919868 0.332063947315808 0.239156317077041 0.188194038876435 0.191859885440565 0.134464142151369 0.111689192318385 0.0811677900999246 0.073508764880412 0.0752849116887186 0.0640364315689144 0.0815989069682649 0.077131376656052 0.0557437676743625 0.0487735930257887 0.0481950572315463 0.0449615716767299 0.0506429754117511 0.0459477617920091 0.046683686698011 0.06276213705357 0.0904394385393821 0.0747759048001326 0.0509225487361989 0.0782734456746087 0.0690323241848095 0.0733464462335216 0.0809770420534729 0.0803921013913798 0.0760866384611334 0.0738479061325906 0.0738531424123476 0.0680920201229943 0.072207857713934 0.0685422742860231 0.0675707361656765 0.0686166039267012 0.0637689772158756 0.0770919510251942 0.0668457138203386 0.110079759272572 -9999 -9999 -9999 -9999 -9999 -9999 -9999 -9999 -9999 -9999 -9999 -9999 -9999 -9999 -9999 -9999 -9999 -9999 -9999 -9999
0.439704903860217 0.347276101970362 0.33945154654456 0.134015695095493 0.0962617457968327 0.0816895337968937 0.0646583397704116 0.0596950824796618 0.147925925492488 0.140200443603867 0.137225835841159 0.106012322187416 0.0736385049012883 0.0481186133668134 0.0492228520303555 0.0473860366643541 0.0370115459274191 0.0384772636462218 0.0415567643747727 0.044676844159022 0.0609791013273542 0.0592861641318463 0.0831182264430442 0.0519497694286198 0.0606574130048536 0.0641314148511226 0.0482030549750268 0.0662843267993999 0.0673212853278375 0.0730652733333717 0.0764418232628239 0.0800490318974035 0.0756541804008891 0.0679751515536864 0.0650327486635192 0.0648208788656506 0.0682453357577947 0.0767707592882319 0.0627233362178142 0.0637994832246004 0.0683467911083486 -9999 -9999 -9999 -9999 -9999 -9999 -9999 -9999 -9999 -9999 -9999 -9999 -9999 -9999 -9999 -9999 -9999 -9999 -9999 -9999
0.463845645059024 0.355380108039464 0.376353605735123 0.154653192773328 0.179635684703522 0.13128894176014 0.153638821068433 0.173100016407662 0.148000051882412 0.149739428318575 0.154502354587174 0.140772235374215 0.110457873904757 0.0562173924678813 0.0557372716710118 0.0589337641868783 0.0545620415650108 0.0544070741930617 0.0797068251896812 0.0905061898658077 0.080017711068464 0.0616938399260066 0.0599250464636671 0.0420956614713932 0.0356708734062254 0.0421838594584383 0.0689464187120838 0.0805741458389702 0.0812860385359816 0.0765623847342086 0.0864014088687527 0.0786358338299303 0.0703446437906983 0.0665898078550384 0.0646288838707742 0.0711903422366208 0.070611295453351 0.0807026625552472 0.067187358007493 0.0650215939303072 0.0652266729307125 0.0874620039343262 -9999 -9999 -9999 -9999 -9999 -9999 -9999 -9999 -9999 -9999 -9999 -9999 -9999 -9999 -9999 -9999 -9999 -9999 -9999
0.542736416241185 0.525892453337399 0.348112148081351 0.401233837606055 0.258691813661511 0.181333956203246 0.174590923092404 0.165968189136759 0.140301077654617 0.144235490773582 0.144198782995988 0.158778813423446 0.11201664850298 0.0978813998380085 0.0657652074611394 0.0612326990686159 0.0473875283709157 0.0548009520481642 0.0584943210865457 0.0779337474860432 0.0792563556379582 0.0892638873523148 0.061314899392376 0.0593980964544971 0.0408587722083701 0.04867183297013 0.0706542864952427 0.077707949234699 0.0859726341245655 0.0887184799980501 0.0971000454627939 0.0721327198741703 0.0717185605920496 0.067680521822699 0.066873050903714 0.07217729532614 0.0693674661291809 0.0776586654555003 0.067446341471382 0.0717867977437233 0.143131001542224 0.178752896561786 -9999 -9999 -9999 -9999 -9999 -9999 -9999 -9999 -9999 -9999 -9999 -9999 -9999 -9999 -9999 -9999 -9999 -9999 -9999
0.564491102212022 0.526915232871725 0.270630771899857 0.183266964524064 0.257136450763814 0.211597275095626 0.175412310705803 0.156185620886295 0.15884590994458 0.148168734311006 0.106773300912371 0.0937223874083338 0.11898871597748 0.153586325339804 0.0801347085157421 0.0684721988210786 0.0749866658509927 0.0954001079521754 0.0712387299826121 0.0727665916635252 0.0923190076994953 0.0776551908778981 0.044263578747627 0.048834101472709 0.045235973397051 0.0618689114911209 0.0758967749171727 0.0784843224343934 0.0899468508019361 0.0998136415375488 0.0906203316177418 0.0936969349927215 0.0791631452354975 0.07231138356421 0.065642004329338 0.0849604759737921 0.0656529979792811 0.083194899949721 0.0723876370760593 0.0911933692811238 0.0959589378393059 0.176485420639147 -9999 -9999 -9999 -9999 -9999 -9999 -9999 -9999 -9999 -9999 -9999 -9999 -9999 -9999 -9999 -9999 -9999 -9999 -9999
0.312952962821689 0.430218724261291 0.407181695866339 0.371786527053422 0.300314911800629 0.207531965843599 0.132154398696183 0.151222060065069 0.108281819269174 0.076856169111687 0.120765965632783 0.138140283801717 0.101757043861227 0.107013095460181 0.0670089419377045 0.0475784467844486 0.06770317480226 0.0850704225856875 0.047605939778352 0.0373971582678763 0.0533973190766609 0.0608572344660785 0.0724209409200813 0.0512699208804476 0.0639257658704609 0.0754674612129284 0.0937715205345907 0.0856315337575089 0.0880276068667169 0.0751106453221066 0.0942354707378208 0.092921915194143 0.0837566694652225 0.0631143667833254 0.0735868766740476 0.0737038132107231 0.063068519043664 0.083039641319563 0.0689158016105438 0.0671588376073145 0.0659232874813626 0.105012468711548 0.160856842352067 -9999 -9999 -9999 -9999 -9999 -9999 -9999 -9999 -9999 -9999 -9999 -9999 -9999 -9999 -9999 -9999 -9999 -9999
0.491450341545119 0.448031459923023 0.301552064895314 0.220647926771308 0.134933700469971 0.0769015835494528 0.10005545463454 0.14492187372477 0.160303185339669 0.144255298057296 0.147680506354919 0.136609358652809 0.131049148408293 0.1124458439653 0.0938626880212179 0.078861882625495 0.0658742425756842 0.0633431908778474 0.0451270831830902 0.0505804451145624 0.0428168795990454 0.0416141546493958 0.0414608629154692 0.0570350186951056 0.0893195941299002 0.0929754821498108 0.131605428947485 0.126029937465602 0.0978777885179849 0.0860221892780745 0.0752098198133281 0.0842441529860639 0.0742056365260467 0.121383308880399 0.0662011582682904 0.0732385604940463 0.072151952815032 0.0647109553953529 0.0614341140880235 0.0727941866715072 0.0786913591836226 0.0634521042138066 0.0806386263868752 0.0778129413674266 -9999 -9999 -9999 -9999 -9999 -9999 -9999 -9999 -9999 -9999 -9999 -9999 -9999 -9999 -9999 -9999 -9999
0.51832391238215 0.433191792350745 0.382927183696919 0.335095371840887 0.150848139154295 0.10472652494558 0.0989953121252967 0.0743797273232682 0.161981025796773 0.143175614719415 0.12123807627765 0.129821139820752 0.12135553198021 0.116789328148303 0.0812574038741827 0.0653515437975963 0.0673330885834547 0.0369748408097964 0.0386772088657497 0.0434651226410143 0.0398175527777147 0.0420022524384435 0.0413620834801249 0.0558539453754541 0.0748428219399018 0.0765934350131635 0.0955896912402482 0.132978419326177 0.110287504752175 0.0948089224672 0.081696265596345 0.0727880825308285 0.0667632753380432 0.0730922970135866 0.0754619691125589 0.0627549333405471 0.0738470593958214 0.065513611325582 0.0770322112625855 0.0796149582489415 0.103233541237564 0.16074819414849 0.180337666799269 -9999 -9999 -9999 -9999 -9999 -9999 -9999 -9999 -9999 -9999 -9999 -9999 -9999 -9999 -9999 -9999 -9999 -9999
0.520563931753932 0.440247732446273 0.391771991878071 0.265245458828485 0.218138382695551 0.171637163220474 0.118946616630043 0.116016408562305 0.114771778783533 0.117507670234801 0.11655399829527 0.114639575414354 0.102696822932197 0.0993275185730172 0.0506965939289303 0.0603571007112293 0.0599582549489302 0.0366439927222572 0.0395467460506701 0.0409456060556764 0.0412545444064495 0.0450026934447513 0.0548042272197397 0.0836308752301646 0.103723130295102 0.0827264136447212 0.100105159688169 0.103348964895031 0.115516201912081 0.121016686502569 0.0920312556712128 0.0732165046712386 0.0657057881613486 0.0742513002453091 0.0725629270423903 0.0737253090253119 0.0742871125891256 0.0911761817369059 0.170771268679992 0.18268789564329 0.201022857586291 0.199715649928938 0.187812986639989 -9999 -9999 -9999 -9999 -9999 -9999 -9999 -9999 -9999 -9999 -9999 -9999 -9999 -9999 -9999 -9999 -9999 -9999
0.427474269921034 0.314944767550853 0.283159066102831 0.236117246778303 0.191422503995271 0.124841368778469 0.130774509648654 0.104679609879781 0.0559285178989144 0.0565968805940691 0.070490797279257 0.0784260982063362 0.0779231810414265 0.0759421784427971 0.0585919627279942 0.0644354984836061 0.0397200940951037 0.0402443166782355 0.0444685634895231 0.0476865353747957 0.047570460378481 0.0544576440265432 0.0719917268057586 0.0689639356964507 0.0976361785027762 0.0976032788281397 0.0951574765363588 0.10436910473028 0.0887568944701483 0.115776196805731 0.0810656538721447 0.0800981634679484 0.0739410139509849 0.0692829884848258 0.0743455493532704 0.0865720253518913 0.0639114148047986 0.118860887737886 -9999 -9999 -9999 -9999 -9999 0.160271332261884 -9999 -9999 -9999 -9999 -9999 -9999 -9999 -9999 -9999 -9999 -9999 -9999 -9999 -9999 -9999 -9999 -9999
0.17111966839184 0.182627690490855 0.152784001410746 0.0924744943065178 0.0921830531264635 0.0705843540006327 0.0828027863933874 0.0530279220470191 0.0521155560511675 0.0460127280916119 0.0694186733629019 0.0966821643616033 0.0785524778439732 0.0768847602899384 0.0633970187811603 0.0393872490389553 0.0401061099938277 0.0407822413425241 0.0446740956285989 0.0418013798458839 0.0479761926706019 0.0623514808784473 0.0852546834828088 0.0826718974146857 0.086224238520993 0.0822631853604485 0.105138494797947 0.0953634728965179 0.0860242114776108 0.0714107000248566 0.110750325086579 0.0786100939459884 0.0794887942038624 0.0823491559916219 0.0852549886324064 0.0679554185710243 0.0512239519712842 0.0634590299440327 0.152612811131321 -9999 -9999 -9999 -9999 -9999 -9999 -9999 -9999 -9999 -9999 -9999 -9999 -9999 -9999 -9999 -9999 -9999 -9999 -9999 -9999 -9999 -9999
0.360278807821577 0.337998611128326 0.1794461700105 0.0815470627805998 0.0649735403747369 0.0519275689277721 0.04928727554254 0.054011986828607 0.0530092867352891 0.0509208692281319 0.0463816376537037 0.0576828059478613 0.0766889805398158 0.0681956920576752 0.065293714454148 0.0437542144546022 0.0395150646913653 0.0425327675905334 0.0428649154495148 0.0476245574000478 0.0575302574816994 0.0734312674682019 0.0868475264020166 0.0653217247353645 0.0859317219154413 0.0846837458192243 0.0863558789850234 0.0918668974279587 0.0802402929157023 0.0778655148372914 0.0772105929059213 0.107309534165629 0.106017976895709 0.0900483348920566 0.075056393634516 0.0752929510542647 0.0645900263069575 0.0517423193800988 0.149590743485393 -9999 -9999 -9999 -9999 -9999 -9999 -9999 -9999 -9999 -9999 -9999 -9999 -9999 -9999 -9999 -9999 -9999 -9999 -9999 -9999 -9999 -9999
0.462813299618925 0.412555333558531 0.209565706536658 0.127682547206205 0.123409773831158 0.0795635813642962 0.0520585313597149 0.0503452111659478 0.0693146079607443 0.0473458163159441 0.0488467390495126 0.0808245217236287 0.106480648365271 0.0729640822302692 0.051034607679096 0.0444890240746321 0.0410420568815902 0.0404936814642166 0.0495894912921844 0.0540170658724238 0.0597028967657265 0.0643901415676431 0.0675607898293583 0.0650233426513037 0.0726077167552081 0.0752203407692689 0.0783225344357428 0.0689910918393225 0.0780706681703783 0.0693308217398067 0.072626559374562 0.079732092986682 0.0996888038771274 0.0710036204559703 0.0726606723133726 0.0600049222909295 0.0573677677744692 0.0603496692061867 0.0862440540043068 -9999 -9999 -9999 -9999 -9999 -9999 -9999 -9999 -9999 -9999 -9999 -9999 -9999 -9999 -9999 -9999 -9999 -9999 -9999 -9999 -9999 -9999
0.490542720554638 0.342307078769463 0.246633271452365 0.214702215576901 0.157111611759508 0.106841548722074 0.0735853661848894 0.0509086341791968 0.0507017374413434 0.0516055139318968 0.0742951617743659 0.0928736456488731 0.0910687547615143 0.0695931460782271 0.0633864899424456 0.0416482278319049 0.0401980149388953 0.0445903701884538 0.0503278143411729 0.051337613906134 0.0625488168317153 0.0651140728225221 0.0659294224157824 0.0658792310174659 0.0672962498191992 0.0763051822078594 0.0774697089387373 0.0692153512235773 0.0916190116522803 0.0869938593612848 0.0795014824573987 0.0842909608439549 0.0808917310935602 0.101071578726979 0.072383855430617 0.0616895555878055 0.057391656631132 0.0620944640204252 0.0813477068131837 0.138090273984437 -9999 -9999 -9999 -9999 -9999 -9999 -9999 -9999 -9999 -9999 -9999 -9999 -9999 -9999 -9999 -9999 -9999 -9999 -9999 -9999 -9999
0.467492290163533 0.329325665769735 0.249746495040102 0.22242316149648 0.17780023644249 0.154663571659205 0.143725939029761 0.150791014606431 0.0518311840601543 0.0512350855089605 0.0797014738365976 0.0793096619119738 0.0603723109173644 0.0564669029589983 0.0572907988942014 0.0426445427214502 0.0362889789239456 0.0420487128099354 0.048570385709815 0.056927842633487 0.0728774117324739 0.0776180276616533 0.0799662802154139 0.0741780814245753 0.0797690406037331 0.0749271599150877 0.0736954518324491 0.0854155149773553 0.0784449535230293 0.0796164053027402 0.0799736410702544 0.0839752488520178 0.0629305108514449 0.0680883367723368 0.0832096163893431 0.0941279853804898 0.087097412040506 0.0879344605915733 0.0646289364934752 -9999 -9999 -9999 -9999 -9999 -9999 -9999 -9999 -9999 -9999 -9999 -9999 -9999 -9999 -9999 -9999 -9999 -9999 -9999 -9999 -9999 -9999
0.46426316041938 0.324517759545266 0.27403751197028 0.237750466875515 0.161591695764355 0.154819816242554 0.148292864447544 0.176704459915777 0.0826227800442473 0.0522360324465383 0.0732747676427938 0.0620514871683784 0.0528128747291586 0.0520443339041843 0.0600541953040751 0.0404244090067445 0.044397679498867 0.0511775947435289 0.0516619772581174 0.0710430759674351 0.0776771192204663 0.082390399137184 0.100886147217196 0.101930253305159 0.0896720380204741 0.0763975171815182 0.0719869931428614 0.0854968103558374 0.0641079474740042 0.06899713279639 0.0993229822663992 0.0722925179637487 0.0751979380325436 0.0758114894536979 0.0630098466297337 0.0647166069355945 0.0513390959281633 0.0882777222289589 0.0951823188634859 -9999 -9999 -9999 -9999 -9999 -9999 -9999 -9999 -9999 -9999 -9999 -9999 -9999 -9999 -9999 -9999 -9999 -9999 -9999 -9999 -9999 -9999
0.463498558667542 0.32082315243399 0.276914318389837 0.234798920844731 0.158678365798142 0.120645462124057 0.0566694856067503 0.0964724813860703 0.0707814527942398 0.0554980900823778 0.0556328506930544 0.0699927007386556 0.0573825593254056 0.0523102038723106 0.0596653766670229 0.0427408545640006 0.0419345699600003 0.0518726958045211 0.0535734142941497 0.072997160568932 0.0786329037519273 0.0840242949280695 0.0739849393946675 0.0957439466908458 0.0937886093355519 0.0784654757624179 0.0667228471959071 0.0747851338819094 0.0763934670085128 0.0648411873992223 0.078421922280521 0.0719283174763692 0.0714677181778576 0.0709072374975932 0.0595191467884992 0.0640009145366786 0.0610776231146589 0.0601621571830317 0.0617094759066891 0.0770841593592093 0.111043130187928 -9999 -9999 -9999 -9999 -9999 -9999 -9999 -9999 -9999 -9999 -9999 -9999 -9999 -9999 -9999 -9999 -9999 -9999 -9999 -9999
0.494493046773848 0.384660289026564 0.312416169050328 0.241097586033519 0.127469190651236 0.0922277157199937 0.0851572989365342 0.0589217953792161 0.0531316353810952 0.050917319383688 0.0511372815535911 0.0615501007798553 0.05415434396573 0.053944907935251 0.0485534610165238 0.0435643173144888 0.0423655372831102 0.0472483147744518 0.0491466270536374 0.0484809863590767 0.061880450458799 0.0645991333585695 0.0671431734749835 0.0727059579050308 0.0824376452827047 0.0820697951302102 0.0784071103735069 0.0767131929439277 0.0847034281331647 0.0687995625884453 0.0664428039124156 0.0688293690560395 0.095917859495684 0.0709072374975932 0.0631679718073578 0.0657853458776692 0.0634544111623585 0.0627753866252182 0.123532312100579 0.168145165078653 0.196630303162215 0.101040118452543 0.129762408510911 0.102452235903071 -9999 -9999 -9999 -9999 -9999 -9999 -9999 -9999 -9999 -9999 -9999 -9999 -9999 -9999 -9999 -9999 -9999
0.530287959221304 0.392054772226288 0.327622865986721 0.290006585193944 0.178961111501856 0.120842683896584 0.0604060813239948 0.0547938488951908 0.0588468279215852 0.0439309136177146 0.0438748976693698 0.0623399032431685 0.0622787973582669 0.0736016945100696 0.0486266304124611 0.0487658209424311 0.0428098344568234 0.0454154388601768 0.0473065405559676 0.0511620642466352 0.0583476536464863 0.054539818397224 0.0549100783312141 0.0725061454624241 0.0866634908098146 0.080051389238616 0.0775296618807697 0.0685107354404908 0.079537098314296 0.07724864806951 0.0582591834702253 0.0621765954842376 0.063256530314251 0.0688788097649373 0.0656973997048375 0.0667802975544758 0.0641726355338066 0.0796517988018197 0.156049842525656 0.165907260305736 0.174221876314269 0.192869495000791 0.196974358176694 -9999 -9999 -9999 -9999 -9999 -9999 -9999 -9999 -9999 -9999 -9999 -9999 -9999 -9999 -9999 -9999 -9999 -9999
0.581891681863348 0.366017357399571 0.257916998202611 0.213059782109296 0.132713676440915 0.0606312738239193 0.0606938125163255 0.0548616199766025 0.0599819937290681 0.0582979672052329 0.0886170682300359 0.0623248983727201 0.0598430508268373 0.059079901896132 0.0611588273969946 0.0502392863488118 0.043474529461541 0.0541261125265471 0.0542859944411977 0.069527383880498 0.069618861410319 0.0617708298518224 0.058069449520179 0.0570006819600149 0.064648354758674 0.0672818189068831 0.0800021634993051 0.0599190747036717 0.0728982185192494 0.0718123221365886 0.0714755442721339 0.0583418396059 0.0561448308224067 0.0604306638839547 0.0647115697141386 0.0727287240918977 0.0840900910726992 0.131931353272119 0.162436824085549 0.168037954410356 0.17660841904804 -9999 -9999 -9999 -9999 -9999 -9999 -9999 -9999 -9999 -9999 -9999 -9999 -9999 -9999 -9999 -9999 -9999 -9999 -9999 -9999
0.537154718265886 0.213823672687919 0.135066011374868 0.136736632922956 0.111615384741471 0.0642774913505297 0.0595539805225863 0.0562156100352963 0.0542911162599179 0.0519835878327316 0.0685331731668988 0.0714470040761759 0.0756995094487329 0.0585368954745872 0.0607444194309237 0.0585685073192933 0.0658478007122226 0.0531738011127378 0.0643782670468123 0.0716755304843503 0.0729783324802869 0.0627599946900614 0.062343317144538 0.0626166013307493 0.0810985507203171 0.0752482028707928 0.0730824638672962 0.0763198783591481 0.0773167968095794 0.0703361420538602 0.0723811816413113 0.0723447815456698 0.060208753655099 0.0631407892130266 0.0662027973086853 0.0881784805434651 0.0875838702010166 0.154544392703788 0.166404263896539 0.167157914748495 0.168690561417359 -9999 -9999 -9999 -9999 -9999 -9999 -9999 -9999 -9999 -9999 -9999 -9999 -9999 -9999 -9999 -9999 -9999 -9999 -9999 -9999
0.406412594137544 0.255360964729605 0.1939868472882 0.167854103705026 0.128906489182762 0.110986112821324 0.0658893889132644 0.0545425874364014 0.0561367034156827 0.0526896886376347 0.071700841920891 0.0723682273005159 0.0599560453550006 0.0602865243571011 0.0674093513000478 0.0597978976997856 0.0606066056517329 0.091603220769396 0.0881218565776528 0.0650107513085454 0.0699437796296976 0.0977655097605348 0.0870916465750629 0.086251033831732 0.0723808511942127 0.0836886826282445 0.0827800060736403 0.086316567334668 0.0938258085223551 0.0720615294548083 0.0785347951516135 0.0760019811149501 0.0655414110620234 0.0585265932326416 0.0795586045821371 0.153363637980921 0.0710565096759445 0.0701770731559333 0.0969126140130465 0.113557732907662 0.149737070007332 0.165217486652412 -9999 -9999 -9999 -9999 -9999 -9999 -9999 -9999 -9999 -9999 -9999 -9999 -9999 -9999 -9999 -9999 -9999 -9999 -9999
0.329029326986817 0.288543173003661 0.261833420985651 0.236060469766705 0.137520311207826 0.0919895527971206 0.0616653193512521 0.0544053054030117 0.0552367073066905 0.0536391562200469 0.0549331865844104 0.0761567938332702 0.060391688741768 0.0665514429729518 0.101742322602442 0.0890169858447855 0.06742745206723 0.0767321668712658 0.091149467281363 0.0878446493547497 0.0861373080303944 0.0863655623284519 0.0823030943946146 0.0877239037176477 0.0912070161434386 0.115234852030872 0.0855564264662965 0.0745047500375323 0.0719715340224855 0.0729546827540343 0.0629080875686773 0.0890162271124395 0.0811212216802235 0.0870558199340311 0.112491424463387 0.143270614923178 0.138171903298084 0.12283974713475 0.126482035080553 0.146788033873112 0.105853721869317 0.0998061927380272 -9999 -9999 -9999 -9999 -9999 -9999 -9999 -9999 -9999 -9999 -9999 -9999 -9999 -9999 -9999 -9999 -9999 -9999 -9999
0.240158148133241 0.272414627929172 0.181226922856095 0.141862535409592 0.0983086666291147 0.0704607494675474 0.0756460792320661 0.0621861757801246 0.0542533444286303 0.0541123537825556 0.0564632549510069 0.0788616901235145 0.0856318831944598 0.0680322225923151 0.08307580041447 0.0665315513482895 0.0855700200584583 0.0886620655031567 0.0792990751530587 0.0918721023868318 0.120394616908886 0.113718728394184 0.114713069468991 0.103781764190655 0.103726515067069 0.100940712056223 0.174680692226426 0.120760644927281 0.0669477989098753 0.117564247977487 0.116887547421134 0.0676745686434681 0.0765067814327785 0.0875357081072759 0.15289221621501 0.148457941247219 0.168654326933166 0.167033792245524 0.181601601775611 0.208752737560917 0.158897187674466 -9999 -9999 -9999 -9999 -9999 -9999 -9999 -9999 -9999 -9999 -9999 -9999 -9999 -9999 -9999 -9999 -9999 -9999 -9999 -9999
0.232730574044428 0.188712316469609 0.0908916133919852 0.0786806507895449 0.0579269892212788 0.0601142883547472 0.0670889452987902 0.060242435404992 0.0596690719782518 0.0595241596401232 0.0586934472240483 0.084419115351419 0.0861494318383893 0.0601088230062752 0.0588923098092098 0.085836888503768 0.15092637358241 0.155661279505862 0.151837306391205 0.108359363088631 0.115377770017129 0.119643933130383 0.105423290362489 0.161727336201249 0.108921232509413 0.103101591481568 0.140596843825972 0.104716994345711 0.0840507389701169 0.160611073945501 0.172549170378925 0.121907799696778 0.0779031750263269 0.0893517614222218 0.148623927401376 0.138256887284802 0.148331309537563 0.168131822070289 0.172774480140078 -9999 -9999 -9999 -9999 -9999 -9999 -9999 -9999 -9999 -9999 -9999 -9999 -9999 -9999 -9999 -9999 -9999 -9999 -9999 -9999 -9999 -9999
0.149012139246833 0.109949998645622 0.0766686814321369 0.0624192091638151 0.0567311815396968 0.0593420699557967 0.0675776129707479 0.0832491979015354 0.0579577017977312 0.080448229743345 0.0792223639207101 0.0910895324485472 0.0928118071040405 0.0631939404700759 0.0620008484451182 0.117786048451343 0.151378125709256 0.174853670620695 0.186725429657962 0.121875732870215 0.123459923024202 0.116895541547034 0.110452297988597 0.100973233907595 0.100513605266785 0.112857711660223 0.110612600550783 0.101858191537118 0.0960300864077943 0.081293713476411 0.188735007551972 0.179647943862705 0.136974068991346 0.0924382388940325 0.0970062685732601 0.151779293666904 0.0954070776839025 0.146322459443434 -9999 -9999 -9999 -9999 -9999 -9999 -9999 -9999 -9999 -9999 -9999 -9999 -9999 -9999 -9999 -9999 -9999 -9999 -9999 -9999 -9999 -9999 -9999
0.134709720922078 0.0862044159169476 0.0895523826831184 0.059654614529972 0.0572558737699664 0.0624696119992788 0.0736227269956908 0.0817205694587015 0.0822863974535693 0.0786947321221808 0.0712565420201309 0.0735513928344417 0.0837098017334797 0.0613830588119438 0.0588292974618762 0.0736819409417484 0.0752745710027432 0.0775176675509407 0.0955468379339722 0.122784016429094 0.123785772167163 0.125468606662524 0.102576553952002 0.102020952585179 0.122004214162332 0.101054956111146 0.0995200056765112 0.0919477701464612 0.0857621280662137 0.0959935801608201 0.107779345772001 0.139744512923594 0.0985035278019683 0.149191287122557 0.0857209916724122 0.143925271847364 0.175657470843619 0.16604043067755 -9999 -9999 -9999 -9999 -9999 -9999 -9999 -9999 -9999 -9999 -9999 -9999 -9999 -9999 -9999 -9999 -9999 -9999 -9999 -9999 -9999 -9999 -9999
