Webinar-7-31-2019/PredictionGrids_CV_example/preds_0.5_TD100.asc
NCOLS 250 
NROWS 718 
XLLCORNER -2256000 
YLLCORNER 1557000 
CELLSIZE 1000 
NODATA_value -9999 
[rows 108 to 134 of 718, columns 61 to 121 of 250]
0.0669980833617342 0.064653320637566 0.0708637478898817 0.0728612491247901 0.0913984977161523 0.113713591767938 0.167122933356614 0.251474109303683 0.346967527028915 0.348149811646603 0.324913670516774 0.371328102044472 0.574666923486661 0.369376677918061 0.37256785568104 0.446597251356171 0.165911917220497 0.178089655168571 0.293672293966992 0.51182590259069 0.23676843923133 0.191897852637976 0.15971383876023 0.135206358693782 0.123194630148552 0.108470736200163 0.116264654798142 0.114395960988988 0.123939304951107 0.133115722072719 0.128214131149922 -9999 -9999 -9999 -9999 -9999 -9999 -9999 -9999 -9999 -9999 -9999 -9999 -9999 -9999 -9999 -9999 -9999 -9999 -9999 -9999 -9999 -9999 -9999 -9999 -9999 -9999 -9999 -9999 -9999 -9999
0.0784489575166352 0.0641130296518386 0.112567890294278 0.0757641668253111 0.0724760639749718 0.215308335668106 0.11683050849303 0.130466108463616 0.16151469436623 0.135793264875092 0.167624909594479 0.233350212631491 0.47800347939528 0.385228595629819 0.449221767640753 0.312712881732949 0.361387918991091 0.317408554359957 0.409810899178181 0.477309400368726 0.303667902421041 0.174030284062149 0.162255954135719 0.0956958656422797 0.16141625254766 0.133654477361918 0.123256257156631 0.106830150874952 0.0992020466273235 0.10424589178459 0.114367651300735 0.0966774752794901 -9999 -9999 -9999 -9999 -9999 -9999 -9999 -9999 -9999 -9999 -9999 -9999 -9999 -9999 -9999 -9999 -9999 -9999 -9999 -9999 -9999 -9999 -9999 -9999 -9999 -9999 -9999 -9999 -9999
0.141830791115458 0.134636299120961 0.0827401937395692 0.193788560527668 0.165168932647651 0.207934950666779 0.217985525185911 0.234547154177117 0.298753992246644 0.222213053697939 0.249881716748709 0.371312117954726 0.188225820669834 0.241803301875559 0.400227034863092 0.407036614057871 0.453693521255505 0.33575561491222 0.268320064685284 0.348016715929176 0.227706736734584 0.154511693594527 0.199444225042685 0.0765695959248401 0.105012037202509 0.122795529110855 0.111336846869565 0.122023176880275 0.118988373893368 0.112761033579976 0.0875446351984399 0.0683171202733142 -9999 -9999 -9999 -9999 -9999 -9999 -9999 -9999 -9999 -9999 -9999 -9999 -9999 -9999 -9999 -9999 -9999 -9999 -9999 -9999 -9999 -9999 -9999 -9999 -9999 -9999 -9999 -9999 -9999
0.119746215665175 0.121570027242655 0.128287384583103 0.139963277634397 0.0913185328679248 0.11336404989896 0.15316287772579 0.161296862990805 0.142849767432037 0.251572422822231 0.287586934835117 0.397041434047355 0.18820949189415 0.364097289561133 0.276601442122708 0.465696982851782 0.490187717817511 0.260345285091437 0.200091563412404 0.170545322878688 0.158037982159999 0.174849275679096 0.207351559718283 0.110837746206638 0.0726552810895472 0.0831125223182449 0.120245414866815 0.130771107747274 0.14142380935223 0.156247127508842 0.119931255075518 0.125828365868574 -9999 -9999 -9999 -9999 -9999 -9999 -9999 -9999 -9999 -9999 -9999 -9999 -9999 -9999 -9999 -9999 -9999 -9999 -9999 -9999 -9999 -9999 -9999 -9999 -9999 -9999 -9999 -9999 -9999
0.0595317389008495 0.0847164898541607 0.0726892779083606 0.136791378180946 0.171927460044473 0.191315936252101 0.13585323919674 0.134047962891836 0.14604987922357 0.158303717204473 0.382400322477906 0.492282231128325 0.364534781093716 0.42259880489626 0.296850630814454 0.303284338923963 0.504637361666401 0.444065134655392 0.239716281233351 0.1360877285243 0.182754514270243 0.166902157145361 0.133621563814241 0.0789367851447512 0.103875294038554 0.0859047979730679 0.118914939773631 0.122119930308653 0.121021667240182 0.170912271027971 0.145913000656604 0.1407620972456 -9999 -9999 -9999 -9999 -9999 -9999 -9999 -9999 -9999 -9999 -9999 -9999 -9999 -9999 -9999 -9999 -9999 -9999 -9999 -9999 -9999 -9999 -9999 -9999 -9999 -9999 -9999 -9999 -9999
0.0566111976274091 0.0753151305144349 0.0949199384221228 0.164524197915791 0.241806919680533 0.342848336529282 0.155346311701084 0.20029880395347 0.123297504784093 0.134885330432201 0.166462625462438 0.197243794573958 0.219748793089463 0.275071127377055 0.231157666783419 0.313334376677857 0.463026353956108 0.38633047439553 0.286888555600345 0.202364522450248 0.225800635035609 0.203101229033138 0.129884045393568 0.128780071652537 0.137436137865123 0.0878278150374565 0.13355081257684 0.146895102400118 0.140975797402387 0.15274127464791 0.134630142405731 0.129593777074397 0.133025709616855 -9999 -9999 -9999 -9999 -9999 -9999 -9999 -9999 -9999 -9999 -9999 -9999 -9999 -9999 -9999 -9999 -9999 -9999 -9999 -9999 -9999 -9999 -9999 -9999 -9999 -9999 -9999 -9999
0.0807680223185186 0.0708963420858305 0.195427039034028 0.266222241962878 0.229408942756093 0.334012072213676 0.196901002627019 0.206668688666767 0.242377689967385 0.214207290667414 0.164397154217079 0.158319153176213 0.184811909647978 0.193851402417138 0.285436151754001 0.232985788158625 0.470059089171483 0.609374262671645 0.333540626371423 0.316429118498359 0.23688186370435 0.217590926246814 0.150848593502259 0.21795354951356 0.114842336380087 0.122592936993141 0.159203650450171 0.145551424403909 0.13365078540736 0.155579755811506 0.134375336918749 0.125322530841172 0.125607478747526 -9999 -9999 -9999 -9999 -9999 -9999 -9999 -9999 -9999 -9999 -9999 -9999 -9999 -9999 -9999 -9999 -9999 -9999 -9999 -9999 -9999 -9999 -9999 -9999 -9999 -9999 -9999 -9999
0.0704028901030869 0.183182039177086 0.229899766496378 0.239861801320255 0.232118665824883 0.251645326271944 0.162253877078192 0.120219393271558 0.150004138736414 0.16873907853818 0.164118749585837 0.157038217474389 0.180045384421159 0.171594293066429 0.230335347819608 0.253489001379845 0.283342098707204 0.815875323945275 0.695727840001426 0.570574910370143 0.32131489342105 0.235327224015042 0.225537841174436 0.20347247414044 0.190739444864881 0.136054766146081 0.129142232315963 0.151880873522823 0.107336189778616 0.121075926529025 0.129411279679637 0.136947932584616 0.145035734979089 0.128725555244458 -9999 -9999 -9999 -9999 -9999 -9999 -9999 -9999 -9999 -9999 -9999 -9999 -9999 -9999 -9999 -9999 -9999 -9999 -9999 -9999 -9999 -9999 -9999 -9999 -9999 -9999 -9999
0.0849775416643578 0.167016577831521 0.199239966921109 0.186905006033089 0.143719864489442 0.149415925559214 0.106950803415912 0.110495192104061 0.158862039732425 0.191196861546312 0.177167484763034 0.181941394739651 0.196780322956629 0.171476476768621 0.260717152881712 0.224408521522146 0.465273697852192 0.78478788992302 0.750003914724988 0.621238131737444 0.450699962581901 0.299434917346963 0.223098707635276 0.20282424460337 0.159478862247517 0.112946688289288 0.164962341547867 0.155600642989953 0.142763679575215 0.125335145816834 0.132971620168355 0.142988324824793 0.133695745190086 0.13533951535197 -9999 -9999 -9999 -9999 -9999 -9999 -9999 -9999 -9999 -9999 -9999 -9999 -9999 -9999 -9999 -9999 -9999 -9999 -9999 -9999 -9999 -9999 -9999 -9999 -9999 -9999 -9999
0.0878268998868832 0.116176969134501 0.0874561038563496 0.0872324735620684 0.0872684949035381 0.0828913882203484 0.0988262855330236 0.109804134025052 0.128442423233137 0.176591498587252 0.189607091336659 0.218182489679283 0.233342581877305 0.248134399479687 0.299925291579737 0.490224086194367 0.558482367447189 0.671164089398015 0.736905776124669 0.675808199395001 0.540280287990176 0.319659488578217 0.189372460065775 0.178348096885828 0.133418451566328 0.135210618737321 0.124099204424979 0.119284494284001 0.118648934444828 0.141059493620563 0.17096386040942 0.147832224319098 0.144283122241084 0.14498607355519 -9999 -9999 -9999 -9999 -9999 -9999 -9999 -9999 -9999 -9999 -9999 -9999 -9999 -9999 -9999 -9999 -9999 -9999 -9999 -9999 -9999 -9999 -9999 -9999 -9999 -9999 -9999
0.0830522600297021 0.144332736613321 0.0741845656608678 0.0728431329840539 0.0949873959789101 0.0898711351915124 0.0774566320587291 0.112540896362437 0.143948839037216 0.158847318132568 0.163411329984077 0.219371129920935 0.244532042346275 0.256388516425348 0.1744548898129 0.260759626032455 0.370515710830145 0.468936056558149 0.819511753356927 0.737070175907536 0.621325560444363 0.190120637737372 0.108625105000725 0.146539893699974 0.135638737213424 0.0861346666434276 0.105255424737772 0.130509924798415 0.0622380398599453 0.078261011009183 0.1034475428777 0.148619192812197 0.126360564106421 0.150739318641005 0.129005004501269 -9999 -9999 -9999 -9999 -9999 -9999 -9999 -9999 -9999 -9999 -9999 -9999 -9999 -9999 -9999 -9999 -9999 -9999 -9999 -9999 -9999 -9999 -9999 -9999 -9999 -9999
0.0818624857575924 0.144940391647462 0.123660361370202 0.0815681867238509 0.0990400587716108 0.107958081079155 0.124547480097258 0.115386658150245 0.149684558462506 0.190282320931934 0.194465493856185 0.162414828629074 0.211062335356492 0.254391207876628 0.262751930025572 0.263423348354694 0.552651343936449 0.565841355855998 0.812634367882576 0.780609238061066 0.589014342457457 0.102673490299361 0.0813438662490863 0.0781499405163357 0.0832131434482159 0.0941841656168725 0.0784890020256909 0.110506223710127 0.0882244403355453 0.10336396560049 0.0843284352278012 0.112032536157493 0.131259892608816 0.136435181270454 0.122707013702895 -9999 -9999 -9999 -9999 -9999 -9999 -9999 -9999 -9999 -9999 -9999 -9999 -9999 -9999 -9999 -9999 -9999 -9999 -9999 -9999 -9999 -9999 -9999 -9999 -9999 -9999
0.0759257932021201 0.0892404562911801 0.141072033530149 0.131956214173221 0.121663534871053 0.10748445388812 0.304949453134373 0.255263060457453 0.149349549135278 0.200229895023127 0.157301230162441 0.228826412193045 0.192900195211063 0.17709067799411 0.168268124895856 0.267430059457319 0.588166300087329 0.371866025096016 0.833634365335191 0.776208647775454 0.484400401583119 0.167181695354873 0.0855102372080092 0.0792486137053871 0.0664569600684441 0.0678825436359596 0.0610208998063425 0.0565578685840617 0.0703060719508738 0.0983544725018563 0.141567967973748 0.180136414735628 0.148997283621533 0.142446170476783 0.144910434221744 0.137194364481111 -9999 -9999 -9999 -9999 -9999 -9999 -9999 -9999 -9999 -9999 -9999 -9999 -9999 -9999 -9999 -9999 -9999 -9999 -9999 -9999 -9999 -9999 -9999 -9999 -9999
0.0740989544898722 0.0902382955258927 0.242661507944146 0.247261252729242 0.222541941547064 0.137261012753438 0.179269992992874 0.320952350090309 0.304706927803284 0.174395378980939 0.137419462894281 0.196286422780824 0.200364979144683 0.178044076988557 0.223082561607427 0.319594944770201 0.431282094781271 0.338279226239537 0.750146889205279 0.611382070671267 0.45467131431584 0.352681273011328 0.134424601646722 0.0790225656226769 0.0843766529591664 0.0817597062766775 0.0806155051985236 0.0588181631940412 0.117019257229009 0.17253455246315 0.141881806187893 0.188296280459378 0.17382681249841 0.299755525291504 0.323428606136721 0.17621259610131 -9999 -9999 -9999 -9999 -9999 -9999 -9999 -9999 -9999 -9999 -9999 -9999 -9999 -9999 -9999 -9999 -9999 -9999 -9999 -9999 -9999 -9999 -9999 -9999 -9999
0.093254407335343 0.0920845089471724 0.304442497955739 0.294065763125001 0.238775395937098 0.129171231148891 0.14150745182488 0.18368979270612 0.204736792960067 0.158128157568303 0.144880841932685 0.186411468755627 0.241751335297994 0.21343623423031 0.268187166314714 0.419713880087803 0.360766534871942 0.362309827175582 0.507538686624233 0.394189475447083 0.38858225298363 0.408611625106634 0.121235101703483 0.0855042734138099 0.0745656827189651 0.0692483396460879 0.0692538311462867 0.0720072182384188 0.134812402706409 0.0927384658411335 0.0873984608822987 0.160102061430097 0.333117745462618 0.317225899996413 0.344696384803796 0.282879280014692 0.130136108155758 -9999 -9999 -9999 -9999 -9999 -9999 -9999 -9999 -9999 -9999 -9999 -9999 -9999 -9999 -9999 -9999 -9999 -9999 -9999 -9999 -9999 -9999 -9999 -9999
0.165583146536021 0.168338887334861 0.162782085497527 0.144213030406206 0.167297486345765 0.132146549386347 0.191737253729592 0.266966322182856 0.237162205896105 0.282701690524964 0.196186790775117 0.188300351215477 0.226610702881297 0.186231334297518 0.215334291184551 0.425274658319653 0.33827582973758 0.409533119163183 0.711082562807773 0.655232633902628 0.374071315582964 0.344009997958407 0.229079378320245 0.131788510364762 0.107368188260053 0.158346426645885 0.129649132179036 0.113050724871726 0.160673510172968 0.121376015879901 0.111034881393818 0.139252981866799 0.303101129869596 0.332893976837564 0.344050657692248 0.285997284833861 0.152850804627011 -9999 -9999 -9999 -9999 -9999 -9999 -9999 -9999 -9999 -9999 -9999 -9999 -9999 -9999 -9999 -9999 -9999 -9999 -9999 -9999 -9999 -9999 -9999 -9999
0.210557686618808 0.202728638525698 0.107385181712715 0.198962887133076 0.144254666823087 0.257510347226979 0.261695587228155 0.312831860574489 0.318975931594787 0.230968908357505 0.249280523005472 0.188064385914431 0.224759757689019 0.222831858035242 0.411357659387974 0.322965630538605 0.428479375752802 0.648056589015433 0.743474967377643 0.760911603371689 0.608663796631358 0.465034198475034 0.216601235967969 0.189218859074993 0.158245908515463 0.139110202241966 0.138601191692919 0.132922970358306 0.150286445147167 0.156389838633933 0.142190871086672 0.174046962164836 0.183398944039062 0.310756129367582 0.285639717305261 0.154821545185667 0.15672980986385 -9999 -9999 -9999 -9999 -9999 -9999 -9999 -9999 -9999 -9999 -9999 -9999 -9999 -9999 -9999 -9999 -9999 -9999 -9999 -9999 -9999 -9999 -9999 -9999
0.116616084576604 0.299619996447299 0.136550391975329 0.253282597039207 0.231511416455817 0.18091177678299 0.223047702888193 0.26227503502559 0.340818692125501 0.367297460777905 0.259191487020391 0.154932226430996 0.173518580094734 0.209318585849935 0.484196116264749 0.665144437790979 0.67510016205078 0.835588771481962 0.889194222188074 0.881946778393245 0.749234700712791 0.576887815593313 0.428263483298197 0.17471200953543 0.120819404381261 0.12701877291655 0.120539469766112 0.118988944838817 0.148368699884051 0.111925104395347 0.0915374849660625 0.14413647242326 0.207714613617918 0.195487525502842 0.198391683772976 0.229590571176277 0.225137762367491 0.209110117350207 -9999 -9999 -9999 -9999 -9999 -9999 -9999 -9999 -9999 -9999 -9999 -9999 -9999 -9999 -9999 -9999 -9999 -9999 -9999 -9999 -9999 -9999 -9999
0.144061464998776 0.396781006172364 0.22786877324413 0.38282117091751 0.476350554643922 0.278278606916266 0.315963526555985 0.230515193058522 0.249336327264777 0.222724588587555 0.342672555925741 0.265091547152966 0.152853701812708 0.212001225129437 0.334050626959483 0.476247442935258 0.720153370305789 0.863263225906979 0.880703968355264 0.872281621410806 0.780848428504243 0.670540670159667 0.429734649190555 0.220730651481612 0.144637717008277 0.137714939915575 0.135507668875752 0.128204169070701 0.0747389033180057 0.0620672331531236 0.0627373403664646 0.214279902214276 0.224130500624871 0.213694270518399 0.208332261304114 0.292582439014802 0.30192648759955 0.165138619584527 -9999 -9999 -9999 -9999 -9999 -9999 -9999 -9999 -9999 -9999 -9999 -9999 -9999 -9999 -9999 -9999 -9999 -9999 -9999 -9999 -9999 -9999 -9999
0.318318660984869 0.542115253320563 0.31072021405425 0.629236968365132 0.707709388312929 0.686179053388711 0.683745603194518 0.313484801458292 0.314719242038805 0.213194407898075 0.186909351803422 0.352774804124679 0.228612499476263 0.276367512819318 0.588838358674644 0.557145334229446 0.788231619030992 0.869460864174007 0.864487913864419 0.77126985779231 0.675112710518922 0.47174824916235 0.280921946343951 0.152212517817623 0.101252945455054 0.139151953265335 0.136716537155036 0.132529789695779 0.132262616044104 0.0861596594202047 0.117541929054173 0.155872468306088 0.18531873410518 0.168120074660543 0.177760608388167 0.176169825333897 0.157761340971608 0.133741827728729 -9999 -9999 -9999 -9999 -9999 -9999 -9999 -9999 -9999 -9999 -9999 -9999 -9999 -9999 -9999 -9999 -9999 -9999 -9999 -9999 -9999 -9999 -9999
0.657842506321667 0.714822656725158 0.615160779336219 0.701398801247579 0.820393515420096 0.798200282051262 0.810458776266733 0.709655019815993 0.313357820153048 0.267573809248884 0.299442305984992 0.237185578634586 0.453290625735945 0.403433901607166 0.661657391170858 0.601373333684538 0.790856252642238 0.870332534480683 0.83734025747683 0.716184050472954 0.516261089385311 0.128762906718564 0.166144333478179 0.154586329325001 0.14947478043892 0.144117036872125 0.139201581603825 0.133554464654361 0.13172060957478 0.0828917862010638 0.108255740163456 0.125229651842921 0.184249000820305 0.173730545200425 0.174336651260466 0.160328509594265 0.152955448384273 0.156337575166286 0.147637486532501 -9999 -9999 -9999 -9999 -9999 -9999 -9999 -9999 -9999 -9999 -9999 -9999 -9999 -9999 -9999 -9999 -9999 -9999 -9999 -9999 -9999 -9999
0.834176230503349 0.847926204023085 0.661019846391166 0.532513869107002 0.852794960549649 0.879776680559355 0.808914180641389 0.81001732456263 0.592957418679522 0.289758369850438 0.322246651155659 0.494877391789892 0.572568681983489 0.386612116034824 0.415430930660801 0.620981901808844 0.788755452146088 0.788123810098083 0.618319234485223 0.6482143338412 0.187719643271494 0.110405147139663 0.110414334528706 0.141574861235478 0.0920297438989479 0.12433063445154 0.126634577549164 0.138388726936939 0.134593366506864 0.223963056854823 0.104119716350731 0.192595327965984 0.192240112179946 0.161130045817009 0.147852855970849 0.148288160235515 0.163195524144045 0.13643526908595 0.146939165879203 -9999 -9999 -9999 -9999 -9999 -9999 -9999 -9999 -9999 -9999 -9999 -9999 -9999 -9999 -9999 -9999 -9999 -9999 -9999 -9999 -9999 -9999
0.792935524864807 0.873894247133473 0.823130346578125 0.775003098977566 0.706032815096239 0.856774385341702 0.860011778731698 0.776242927302049 0.640516443033761 0.365740714413845 0.386188955830076 0.276842822422941 0.485512783215968 0.633741348963605 0.644920900448072 0.603102610517848 0.746301487188484 0.698817637436339 0.597835970267603 0.403551181426877 0.194816351023659 0.114322241702073 0.10689646558645 0.152136368017077 0.14721781403381 0.124693148707431 0.124436896315798 0.125985205178388 0.1240270975907 0.157679829805199 0.12886006943677 0.139638407660151 0.169999888317994 0.146962792906434 0.140745061521293 0.160327851989004 0.148587353619437 0.125561137611061 0.115219773487631 0.113572538705431 -9999 -9999 -9999 -9999 -9999 -9999 -9999 -9999 -9999 -9999 -9999 -9999 -9999 -9999 -9999 -9999 -9999 -9999 -9999 -9999 -9999
0.73385641802161 0.876599241877454 0.8777540728563 0.889969071518661 0.81614624663303 0.822552188153638 0.854163521378657 0.809268981762602 0.689979337699485 0.575211220172864 0.391291901709892 0.52671752740155 0.615621980000775 0.626489534414643 0.666630455375031 0.702614902705087 0.764768456570348 0.770803136076011 0.739303361282751 0.515210603755763 0.285495370149839 0.158592385531942 0.120771550013004 0.148038894793349 0.143213003779998 0.115456285930085 0.0798969237261257 0.123618691532314 0.101215373628153 0.119637072883888 0.0884765071169321 0.0935411927269424 0.149637441311294 0.145455016019459 0.158939184440215 0.152200593771203 0.132930127684325 0.127021679505309 0.120186148833191 0.138998739069447 -9999 -9999 -9999 -9999 -9999 -9999 -9999 -9999 -9999 -9999 -9999 -9999 -9999 -9999 -9999 -9999 -9999 -9999 -9999 -9999 -9999
0.805075626052714 0.8618639217847 0.912756148656384 0.922067456834472 0.893527541382633 0.870951559196334 0.841732544017424 0.848487064226904 0.753712794162869 0.670479707409647 0.473141843185721 0.597753688019093 0.668059400081581 0.636313341520539 0.714941761402304 0.717931415526609 0.778003304918832 0.79729643518444 0.762383994343224 0.378013775189158 0.476098838178445 0.39630280111879 0.228987379524061 0.172207427537829 0.188756922724121 0.0776598231889777 0.0782141182360455 0.125141269885298 0.0661771599371066 0.17671637495531 0.131183002285036 0.100843089902926 0.150816947503427 0.139323524162308 0.140629566642427 0.14653604971757 0.141425853785426 0.121874150855742 0.105737379525828 0.123812709291376 -9999 -9999 -9999 -9999 -9999 -9999 -9999 -9999 -9999 -9999 -9999 -9999 -9999 -9999 -9999 -9999 -9999 -9999 -9999 -9999 -9999
0.82625704050848 0.870829479701021 0.907017654238534 0.910068215814003 0.901410324283819 0.917579083283054 0.868458461820695 0.760510851305361 0.790588341918392 0.350349670255713 0.623539606397097 0.532188681454519 0.526494225805701 0.720828169945878 0.74299963864324 0.746015210108438 0.757971001923102 0.828784321948644 0.721114100461787 0.642267561985064 0.604306176979386 0.47713893586032 0.386891930729396 0.306482365726384 0.123421229041517 0.150727448387144 0.10805294218009 0.10315585027718 0.13873668170222 0.205230584362084 0.130853873521264 0.270985958624754 0.280947551345686 0.345760735136913 0.162057399359749 0.212233992128107 0.143448916613185 0.161083472426499 0.115268635283433 0.127613673868205 0.11629600100774 -9999 -9999 -9999 -9999 -9999 -9999 -9999 -9999 -9999 -9999 -9999 -9999 -9999 -9999 -9999 -9999 -9999 -9999 -9999 -9999
0.85629534482526 0.851970497142408 0.892765901774718 0.896056193408291 0.909026604649022 0.915266660488445 0.883486742832419 0.756957304680168 0.755048023146255 0.471017464779515 0.757225105922999 0.603510289329851 0.73618836105035 0.788795279735143 0.760441393912776 0.690990440613524 0.797550048019545 0.818853042309228 0.752528805920284 0.7135949463085 0.717845672105934 0.553248430899427 0.581745115834386 0.451034323158657 0.197686466109795 0.215435523645778 0.177662127960219 0.258445662046899 0.347296801574611 0.396663236540722 0.338220566539516 0.459271294957713 0.478459766274957 0.273792746374969 0.283908092064949 0.14506442343494 0.145764610989186 0.166539654120618 0.13516710889733 0.127105265776281 0.125464219586932 -9999 -9999 -9999 -9999 -9999 -9999 -9999 -9999 -9999 -9999 -9999 -9999 -9999 -9999 -9999 -9999 -9999 -9999 -9999 -9999
