Webinar-7-31-2019/PredictionGrids_CV_example/preds_0.5_TD100.asc
NCOLS 250 
NROWS 718 
XLLCORNER -2256000 
YLLCORNER 1557000 
CELLSIZE 1000 
NODATA_value -9999 
[rows 513 to 539 of 718, columns 183 to 243 of 250]
0.0356507793966288 0.0415910620420758 0.0404400348535918 0.040091562789512 0.0617023103062312 0.0357748994937524 0.0328108731953597 0.0336105505915566 0.0336830456431161 0.034915289897722 0.0354964133068857 0.0338271020058273 0.0331050442044521 0.0501670027855091 0.0603035829072873 0.0373622298922153 0.0354059207308462 0.0324573677058868 0.0334346378924298 0.0318652652432297 0.0312254885829099 0.029934829252301 0.028169488721978 0.0246747258218528 0.0252907204965777 0.0254965167989442 0.02615374283617 0.0391738760315279 0.0448814761373122 -9999 -9999 -9999 -9999 -9999 -9999 -9999 -9999 -9999 -9999 -9999 -9999 -9999 -9999 -9999 -9999 -9999 -9999 -9999 -9999 -9999 -9999 -9999 -9999 -9999 -9999 -9999 -9999 -9999 -9999 -9999 -9999
0.0358224086827585 0.0450913205263114 0.0407281978897803 0.0398135914004355 0.0710535231875584 0.0325560177395657 0.0366367411359968 0.03325093034452 0.0331505722708373 0.0344318969903911 0.0352475404076168 0.0327916950793451 0.0367533765894137 0.0486915673157954 0.0594767498535157 0.0384565232873065 0.0363693400182277 0.0365595126024331 0.0328469773712188 0.0321212087059507 0.0310375594382133 0.0295519686747124 0.0286556049319689 0.0245386389394649 0.0244130369728053 0.0254332937289125 0.0267777685315648 0.0405094354928986 0.0262928233633306 -9999 -9999 -9999 -9999 -9999 -9999 -9999 -9999 -9999 -9999 -9999 -9999 -9999 -9999 -9999 -9999 -9999 -9999 -9999 -9999 -9999 -9999 -9999 -9999 -9999 -9999 -9999 -9999 -9999 -9999 -9999 -9999
0.0369530564172736 0.0362339257472714 0.0389805634775975 0.037208000696585 0.0814843663967076 0.0374824866628862 0.0346981747402161 0.0341882479050109 0.0335085872402137 0.0346304056371352 0.0361757878939712 0.0331786008135526 0.0360407951500975 0.0502247549749646 0.0618481700400542 0.0386500602327385 0.0374580660735755 0.0370455581264486 0.0325060052243419 0.0327082015132121 0.0326807691247264 0.0302680459188638 0.0281879596351912 0.0288478250554666 -9999 0.0253486122987598 0.0375277803300382 0.0270620639756008 0.0383751936579216 0.0354732194194568 0.0360209865602343 -9999 -9999 -9999 -9999 -9999 -9999 -9999 -9999 -9999 -9999 -9999 -9999 -9999 -9999 -9999 -9999 -9999 -9999 -9999 -9999 -9999 -9999 -9999 -9999 -9999 -9999 -9999 -9999 -9999 -9999
0.035332605096855 0.0347975301899894 0.0341177373577721 0.0381794097385669 0.0736817926709276 0.0376189053451426 0.0334242059257301 0.0345620921900641 0.0342965831018234 0.0357382805005885 0.0370169466081486 0.0338479323629117 0.064507724058016 0.0683001110205377 0.0336512534402704 0.0305243596112493 0.0332896840355702 0.0309572196106716 0.0325595658030798 0.0336695502670211 0.0313846850363768 0.0327091615451066 0.0349109419788208 -9999 -9999 0.0256860656363226 0.0257691099379862 0.0407433460195159 0.0471421774864583 0.0526738131376867 0.0356726647524614 0.0373030157216178 -9999 -9999 -9999 -9999 -9999 -9999 -9999 -9999 -9999 -9999 -9999 -9999 -9999 -9999 -9999 -9999 -9999 -9999 -9999 -9999 -9999 -9999 -9999 -9999 -9999 -9999 -9999 -9999 -9999
0.0348902106535172 0.0345941894690722 0.0357851476648594 0.0510239011886358 0.0636120657765938 0.0370914171897499 0.0409788398586624 0.0349784846443124 0.034628812158693 0.035771599904913 0.0364466164972582 0.0768332075023828 0.035648118822894 0.0346282227134458 0.0327796893171647 0.0304773156121688 0.0331403292446527 0.0334322508195147 0.0322612557640758 0.0345547676350951 0.0321192940920746 0.0298271741956112 0.0438827984562768 -9999 -9999 0.0264544955658281 0.0259202001676732 0.0257825357753074 0.0356363251236302 0.0519382146325174 -9999 -9999 -9999 -9999 -9999 -9999 -9999 -9999 -9999 -9999 -9999 -9999 -9999 -9999 -9999 -9999 -9999 -9999 -9999 -9999 -9999 -9999 -9999 -9999 -9999 -9999 -9999 -9999 -9999 -9999 -9999
0.0352986756681142 0.0556819838886747 0.0552141300535958 0.0663773531670173 0.0383849363367984 0.0387041406423691 0.0421957923051738 0.03560619538653 0.0348406522281304 0.0346654997080448 0.0395170899696579 0.0731593294547318 0.0350723045655006 0.0345737911814355 0.0337403603984795 0.032034387841722 0.0322188114691862 0.030006118254386 0.04143141795921 0.0462234627721198 0.0345706498313017 0.0339982055484168 -9999 -9999 -9999 0.025721343232354 0.0254554660744603 0.0317778915422878 0.0339009394081513 0.0434938449817249 -9999 -9999 -9999 -9999 -9999 -9999 -9999 -9999 -9999 -9999 -9999 -9999 -9999 -9999 -9999 -9999 -9999 -9999 -9999 -9999 -9999 -9999 -9999 -9999 -9999 -9999 -9999 -9999 -9999 -9999 -9999
0.0395528230003491 0.0808011887672487 0.0357095748571314 0.0349584618279069 0.0382132120306619 0.0335689424828489 0.0346050249583715 0.0339393650606954 0.0333954413039289 0.0531038955487561 0.0618334167382334 0.0348853509287191 0.0354901972867279 0.0352998819697187 0.0351295880276464 0.0326499228929959 0.0315477955537754 0.0306183491649512 0.0447892050199339 0.0407976851322051 0.03301304995084 0.0397938615923501 -9999 -9999 0.0319062665161444 0.0285770750481568 0.0276787053212438 0.0327180595569443 0.0335930235716163 0.0372056287615403 0.05338732035424 -9999 -9999 -9999 -9999 -9999 -9999 -9999 -9999 -9999 -9999 -9999 -9999 -9999 -9999 -9999 -9999 -9999 -9999 -9999 -9999 -9999 -9999 -9999 -9999 -9999 -9999 -9999 -9999 -9999 -9999
0.0524770010067222 0.0910470596649977 0.0362542035674267 0.0351275739658734 0.0351846655408932 0.0345287039350513 0.0342386079980209 0.0334413908650943 0.0502024274235229 0.0620517142267826 0.0384808067393799 0.0343350608710051 0.035975170722413 0.0357898813775105 0.0353718925110454 0.0323016889762127 0.0354085416972282 0.0358238411643084 0.0429750272757407 0.0352715531898048 0.0369243505648417 0.0357175692390879 0.0316942839041294 -9999 0.0309267364146076 0.0289674258867357 0.0268390452819845 0.0370249274970724 0.0343897013824715 0.0334481801532487 0.0408732861837155 -9999 -9999 -9999 -9999 -9999 -9999 -9999 -9999 -9999 -9999 -9999 -9999 -9999 -9999 -9999 -9999 -9999 -9999 -9999 -9999 -9999 -9999 -9999 -9999 -9999 -9999 -9999 -9999 -9999 -9999
0.0562148518996472 0.0588263969098049 0.0371022911026423 0.0363368649908204 0.0351319424995022 0.0377680882168754 0.0373701421091459 0.0335922273774337 0.0558339579832769 0.0384946695343751 0.0373100593363373 0.0350963153921202 0.0362406409608138 0.0358957841972648 0.0352914222105243 0.0343858270971382 0.0448693961161199 0.0317257327906246 0.0423842284827819 0.0390740315752895 0.0381385847558711 0.034758798335874 0.0309139942556696 0.0337357469552665 0.0291310954874802 0.0283248951745705 0.0317135317282476 0.0343131403862577 0.0358004936544786 0.0349680451393328 0.0323456583186945 -9999 -9999 -9999 -9999 -9999 -9999 -9999 -9999 -9999 -9999 -9999 -9999 -9999 -9999 -9999 -9999 -9999 -9999 -9999 -9999 -9999 -9999 -9999 -9999 -9999 -9999 -9999 -9999 -9999 -9999
0.0593963912160548 0.0360936581731906 0.036463578636541 0.0370714145993281 0.0408747505189077 0.037852468936151 0.0491256622092043 0.0470238709812126 0.0496698191732788 0.0335632167177628 0.0344288354229182 0.0348935828903718 0.0364051092685974 0.0359411614723667 0.0357039707441077 0.0391098796286117 0.044420362402946 0.0374797586966502 0.0460952343369813 0.0442764615743018 0.0432078558030008 0.0396138623360445 0.0391431963724475 0.0421956755416809 0.0348900993629631 0.035212861291662 0.0364632760007885 0.0363652256424421 0.0368697593135403 0.0431679973027164 0.0345767522292332 0.0365989070346358 -9999 -9999 -9999 -9999 -9999 -9999 -9999 -9999 -9999 -9999 -9999 -9999 -9999 -9999 -9999 -9999 -9999 -9999 -9999 -9999 -9999 -9999 -9999 -9999 -9999 -9999 -9999 -9999 -9999
0.0357071924742103 0.0366245879514405 0.0367490403369636 0.0509116473052439 0.0366831646888029 0.0532540113900915 0.0514590899072815 0.0368037479995916 0.034379773455647 0.0376809007437495 0.0380339957962274 0.0380339957962274 0.0398805166760785 0.0403908477884495 0.0356122564925743 0.0355718435604515 0.0350580451766226 0.043513790693054 0.0457404476882751 0.0460409733412082 0.0400351840341172 0.031823107823398 0.0433046333291009 0.0323537315322246 0.0303106555915435 0.0326948935558433 0.0253941683733007 0.0466931153824049 0.0325684344389791 0.0367841813631094 0.0386223576882477 0.0457295338395591 -9999 -9999 -9999 -9999 -9999 -9999 -9999 -9999 -9999 -9999 -9999 -9999 -9999 -9999 -9999 -9999 -9999 -9999 -9999 -9999 -9999 -9999 -9999 -9999 -9999 -9999 -9999 -9999 -9999
0.044019720785496 0.0445454289895776 0.0443614484919476 0.0603155536085112 0.0363609942388895 0.0588317194812751 0.0379398392342989 0.0360087754729731 0.0385787246671997 0.0380434640604136 0.0388114492910934 0.0409225668863588 0.0426010165376898 0.0427408696828477 0.0367509981775258 0.0483334435479086 0.042107459888992 0.0446030717786158 0.0458645897778047 0.0359608541587874 0.0316563520131659 0.0309877752517311 0.0322553373049336 0.0309980331495213 0.033649754542444 0.0323598995147075 0.0284823153940156 0.0444542091505507 0.0344397786060865 0.034539339766266 0.0364763038760495 0.0378175045400866 -9999 -9999 -9999 -9999 -9999 -9999 -9999 -9999 -9999 -9999 -9999 -9999 -9999 -9999 -9999 -9999 -9999 -9999 -9999 -9999 -9999 -9999 -9999 -9999 -9999 -9999 -9999 -9999 -9999
0.0445369112971258 0.0410391561548071 0.084410188505405 0.0667623371970695 0.0775092482848387 0.0781040198109685 0.0377013102193056 0.0414498851486471 0.0412940693056314 0.0412940693056314 0.041185513609144 0.0424969432027374 0.0428416394503805 0.0435815949759931 0.0498168002890647 0.053688607790556 0.0489372262653375 0.0450867899694717 0.0429110308575293 0.037802487216614 0.0354144201439371 0.0340033125065841 0.0358452958415426 0.0329334407954884 0.0347222442331301 0.0295763004953181 0.0361327218392975 0.0329660537707117 0.03384843705204 0.033432167325875 0.0397749098198817 0.0338806309526147 -9999 -9999 -9999 -9999 -9999 -9999 -9999 -9999 -9999 -9999 -9999 -9999 -9999 -9999 -9999 -9999 -9999 -9999 -9999 -9999 -9999 -9999 -9999 -9999 -9999 -9999 -9999 -9999 -9999
0.063468330425781 0.0401332420107491 0.0577865412270417 0.0725896394349463 0.0793147956014869 0.0379168529038466 0.0402927622966782 0.0396045429778536 0.0399753758029411 0.0416058405260976 0.0419677055811445 0.043824697172197 0.0394912989992439 0.0451572825924471 0.05204709390516 0.0522891577578082 0.0506950177537127 0.0365602023282437 0.0391372339105613 0.0347774446222991 0.0322849755305828 0.0319407012748154 0.0317833428511071 0.034335351889028 0.0306020764112953 0.028259532803965 0.0317493061634028 0.028920948427102 0.0313785880579757 0.0359552542324348 0.04249229305508 0.0820799995348989 -9999 -9999 -9999 -9999 -9999 -9999 -9999 -9999 -9999 -9999 -9999 -9999 -9999 -9999 -9999 -9999 -9999 -9999 -9999 -9999 -9999 -9999 -9999 -9999 -9999 -9999 -9999 -9999 -9999
0.093100554926441 0.0446573161550803 0.08050646612176 0.0872281005325943 0.0552579201931747 0.0383030457354104 0.0394291677541269 0.0402356345976468 0.0786528142517569 0.0422743066382223 0.0440932736211523 0.0393976530113816 0.0419230071073036 0.0463557108145184 0.0415788023460904 0.0463170629876579 0.0430773886714215 0.0372122182440714 0.0425684339740583 0.0396347369073982 0.034496377316105 0.0370915297968407 0.0305707060575632 0.0375434576207545 0.0478394869757372 0.0327874934129525 0.0315672191143539 0.0294202582391288 0.0336806935828783 0.0438389168208216 0.0918248739617475 -9999 -9999 -9999 -9999 -9999 -9999 -9999 -9999 -9999 -9999 -9999 -9999 -9999 -9999 -9999 -9999 -9999 -9999 -9999 -9999 -9999 -9999 -9999 -9999 -9999 -9999 -9999 -9999 -9999 -9999
0.0500928571199146 0.0512741016928875 0.045301536362676 0.0863631217324152 0.0556993143772979 0.0409468413732252 0.0409105289735162 0.0413745811618937 0.0421488652861219 0.0438156265872619 0.0448962764799284 0.046039839451916 0.046085883000206 0.0438662628483879 0.0405941535984228 0.0382866062519179 0.0362125998714028 0.0369852197999239 0.0385471111377242 0.039307377607136 0.0358495802412889 0.039010295772464 0.0303544750120946 0.0392373293509381 0.0361017798457052 0.0357158932134771 0.0406658091883883 0.0340008590457745 0.0416687692434807 0.0506041351754788 0.0948850599684664 -9999 -9999 -9999 -9999 -9999 -9999 -9999 -9999 -9999 -9999 -9999 -9999 -9999 -9999 -9999 -9999 -9999 -9999 -9999 -9999 -9999 -9999 -9999 -9999 -9999 -9999 -9999 -9999 -9999 -9999
0.0522314758817905 0.0748829211089727 0.097676414754857 0.097584051367436 0.0670813273082648 0.043270263604344 0.0738951955352418 0.0958857705804361 0.0890952855726779 0.0446916184047303 0.0454601344356779 0.0465674360398938 0.0459850136941476 0.0442102942529838 0.039972412872318 0.0408598537673059 0.0440135514299354 0.0436294124269899 0.0407520066713711 0.0409603150729066 0.0398850198171749 0.040069525534281 0.043536899789538 0.0421232682133958 0.0338521572343244 0.0416933627421676 0.0407626582893079 0.034163499596808 0.071664335123713 0.0734010414883044 0.0466413349689033 0.115872603358809 -9999 -9999 -9999 -9999 -9999 -9999 -9999 -9999 -9999 -9999 -9999 -9999 -9999 -9999 -9999 -9999 -9999 -9999 -9999 -9999 -9999 -9999 -9999 -9999 -9999 -9999 -9999 -9999 -9999
0.0580815845837985 0.0955261808194939 0.103446286015047 0.102191410944586 0.107677325818864 0.100001625065343 0.0998948042962115 0.110974926585437 0.085851236695071 0.0504140742910458 0.04976523411019 0.0528276591643754 0.0496674675002501 0.0458766355372485 0.048850071658379 0.0575069471317899 0.0495219922397008 0.0631900643112601 0.0641577452100342 0.0564560741508412 0.0544843402264866 0.0484547898745112 0.0457387828904069 0.0518082367720494 0.0403430435181384 0.0358954173534146 0.0347295659743983 0.0741192057478138 0.077940859694771 0.0810641702193241 0.0477238461543542 0.0750778857952387 0.103445869419588 0.102037025355016 0.100691613994811 0.0835894523003762 -9999 -9999 -9999 -9999 -9999 -9999 -9999 -9999 -9999 -9999 -9999 -9999 -9999 -9999 -9999 -9999 -9999 -9999 -9999 -9999 -9999 -9999 -9999 -9999 -9999
0.0606074553919605 0.121575919229693 0.127596688566481 0.137482248030662 0.131103927372018 0.117190869029676 0.10851758035772 0.117560761137873 0.101275322163644 0.105649808376156 0.0886428771004295 0.0482654400628111 0.0487090583988558 0.0435794913850857 0.0424317749515195 0.0556304672705551 0.0552783707008587 0.0599536858132316 0.0432723529542695 0.0483259939230115 0.0582466008790268 0.0606414653810261 0.0588245344787078 0.0571956820797244 0.0595552133117062 0.054147973788608 0.0588990152465442 0.0925556692822603 0.0663692746269349 0.0613963064705323 0.0581752816746421 0.0904586678512953 0.0982129299443748 0.120517382976034 0.0894528799629068 0.049380939272765 -9999 -9999 -9999 -9999 -9999 -9999 -9999 -9999 -9999 -9999 -9999 -9999 -9999 -9999 -9999 -9999 -9999 -9999 -9999 -9999 -9999 -9999 -9999 -9999 -9999
0.0603888689227441 0.13794324355167 0.146947247657705 0.151409872065563 0.128386157859556 0.126590673831305 0.145985271964394 0.149074012519703 0.171593428530008 0.159023471903062 0.154599520314238 0.147008214256702 0.136637915776035 0.11740398700107 0.0476802449656387 0.0590693881191227 0.0734588067465142 0.0681055038876185 0.0503349023746872 0.0481403912500209 0.0580347882721542 0.0703009204799658 0.0545759818670441 0.0516332815269947 0.0481300364448532 0.0501822982462165 0.0516799987560683 0.0482731226558495 0.0710924486621691 0.0837497737119877 0.0612092110101156 0.102588068138552 0.0586146982772578 0.0619780626502423 0.0462655035475269 0.0460219988536449 -9999 -9999 -9999 -9999 -9999 -9999 -9999 -9999 -9999 -9999 -9999 -9999 -9999 -9999 -9999 -9999 -9999 -9999 -9999 -9999 -9999 -9999 -9999 -9999 -9999
0.0612928476880818 0.124881196435085 0.127495255242775 0.106127991945184 0.113654902384599 0.138818715884331 0.147816441586814 0.127807171293698 0.161001894165375 0.1470712988358 0.0946872474035679 0.1423188253373 0.121314377461742 0.0490997322798929 0.0547255626441901 0.0519225095932478 0.0651966182167476 0.0651542324525318 0.0632228545939852 0.0666263732155959 0.055561838200818 0.0604561774687857 0.0497273798828764 0.0574464407848002 0.0536555037787048 0.0528707956603083 0.0431609747586541 0.0428458271853718 0.041083428319818 0.0477564010979965 0.0835921094446968 0.113380238050641 0.0602173285389066 0.0544475110440396 0.0488808510646994 0.0726386163296354 -9999 -9999 -9999 -9999 -9999 -9999 -9999 -9999 -9999 -9999 -9999 -9999 -9999 -9999 -9999 -9999 -9999 -9999 -9999 -9999 -9999 -9999 -9999 -9999 -9999
0.0648213478628696 0.158297805751788 0.13114710353801 0.132444831385688 0.0942358350468518 0.152463120839535 0.186380569933845 0.171325352177475 0.143898623656545 0.0814879969429217 0.116690333352918 0.102481950001276 0.09748495703028 0.045894905356646 0.0454183278766648 0.0507565165590559 0.0596284310171285 0.0603446405280603 0.0624159086886211 0.0565584008893864 0.0408253885728469 0.0400991600150618 0.0464566088973196 0.0674424266185216 0.0544793834392501 0.0418676946979435 0.0416762339551551 0.0449320175494062 0.0480432358939051 0.0443238645825772 0.0445014179022947 0.14435519983219 0.0716171052741594 0.0620132471275523 0.0611107934854516 0.156815010968248 -9999 -9999 -9999 -9999 -9999 -9999 -9999 -9999 -9999 -9999 -9999 -9999 -9999 -9999 -9999 -9999 -9999 -9999 -9999 -9999 -9999 -9999 -9999 -9999 -9999
0.103302247742627 0.144267950437503 0.150647230928119 0.156887366283116 0.149694118413923 0.213065102467907 0.230455333803859 0.247917559862113 0.185730294591605 0.115340582672855 0.162196876022695 0.144070333217914 0.108974178020043 0.0772220304813276 0.0467018603849054 0.0494922898355914 0.0517562189262791 0.0591525025406758 0.0569119539931513 0.0597182518042105 0.0495519126400515 0.0385456865510513 0.0404174485361448 0.0398549767489987 0.0484224390101308 0.0454165246007242 0.042271727843203 0.0465270546399737 0.0473479099511203 0.0427920155720372 0.0497090009384379 0.0722314019469346 0.0550099727356955 0.056076544520529 0.120477993411625 0.187800567928358 -9999 -9999 -9999 -9999 -9999 -9999 -9999 -9999 -9999 -9999 -9999 -9999 -9999 -9999 -9999 -9999 -9999 -9999 -9999 -9999 -9999 -9999 -9999 -9999 -9999
0.158192500327264 0.167511785738093 0.149001691846745 0.156356177958223 0.21554443042795 0.275568982835079 0.270012366817049 0.205493729077161 0.103119157230381 0.0598973706536828 0.0831974155425262 0.056211343127625 0.0971682779326886 0.0529671817909142 0.0656502051071731 0.0970385764412589 0.0670498517502496 0.0516075046264895 0.0534429028283085 0.0601772998099279 0.0578704600429154 0.0563182157899748 0.041646704643676 0.0408335052957656 0.0422266591110771 0.0513131585675417 0.0474030240787247 0.0458196288470961 0.0453811380659413 0.0471577180586402 0.0494715445374215 0.0548591961953663 0.0850134247307795 0.0636899091780885 0.0736181149032107 0.187106350869236 -9999 -9999 -9999 -9999 -9999 -9999 -9999 -9999 -9999 -9999 -9999 -9999 -9999 -9999 -9999 -9999 -9999 -9999 -9999 -9999 -9999 -9999 -9999 -9999 -9999
0.150337962019593 0.156815738575456 0.189208819324255 0.210277181887384 0.25992852179716 0.276098812657591 0.240162083726262 0.174611417955846 0.14264162630329 0.0642729565353407 0.0618761033837037 0.0529152704829991 0.0895423674586432 0.050971313143992 0.0481017038423573 0.0735446900359976 0.0915386984257523 0.0916220611492347 0.0387519408490325 0.046319216228865 0.0552523789355912 0.0590422215674681 0.0534053243341533 0.0419019804033695 0.0400834001070195 0.0421450525557884 0.0502617411206386 0.050189309988336 0.0438137327357822 0.0448354288020207 0.0504004539204978 0.0553755144925546 0.0566053473569057 0.0656788314769596 0.0832686205385544 0.120414989761595 -9999 -9999 -9999 -9999 -9999 -9999 -9999 -9999 -9999 -9999 -9999 -9999 -9999 -9999 -9999 -9999 -9999 -9999 -9999 -9999 -9999 -9999 -9999 -9999 -9999
0.160320650843256 0.174088775042899 0.23882667826126 0.224242379867029 0.253125316374602 0.229688875408896 0.220123384290798 0.179535198669718 0.130282685755769 0.0604598869705967 0.055850018922458 0.0450814052589118 0.0501099081621253 0.0491597746109992 0.0420269065383695 0.0461482241831073 0.0502694056961549 0.0965816579430633 0.0852085496381156 0.0392405839836117 0.0442116107012836 0.053898728392154 0.0530571567443476 0.0594430767657989 0.0419045386954349 0.0421640089410231 0.0432003858108208 0.051450307586262 0.045140214137974 0.0445145445067434 0.0505214868008062 0.0559064893958863 0.0598168154890067 0.0579587565954141 0.0579506892604764 0.08002477653054 -9999 -9999 -9999 -9999 -9999 -9999 -9999 -9999 -9999 -9999 -9999 -9999 -9999 -9999 -9999 -9999 -9999 -9999 -9999 -9999 -9999 -9999 -9999 -9999 -9999
0.177823075167205 0.218184222521166 0.224519083124663 0.203503632726277 0.20032462782717 0.188261876914286 0.201212583873061 0.114910952002127 0.0917119225911859 0.0590412845716959 0.055089003218049 0.0487980571047227 0.0704360211839587 0.0468436680038292 0.0437910640188892 0.0416385789088095 0.0426416430455849 0.0718345279952264 0.124736758552143 0.077820533592434 0.0391600682405325 0.0411839957127861 0.0956164384127823 0.111640292202434 0.050141562739094 0.0436547736533419 0.0430270878462724 0.0525641959765266 0.0499429142272533 0.0498349589731055 0.0506365634432454 0.0517310507852171 0.0498666562409185 0.0576326730315618 0.0584582721843109 -9999 -9999 -9999 -9999 -9999 -9999 -9999 -9999 -9999 -9999 -9999 -9999 -9999 -9999 -9999 -9999 -9999 -9999 -9999 -9999 -9999 -9999 -9999 -9999 -9999 -9999
