Webinar-7-31-2019/PredictionGrids_CV_example/preds_0.5_TD100.asc
NCOLS 250 
NROWS 718 
XLLCORNER -2256000 
YLLCORNER 1557000 
CELLSIZE 1000 
NODATA_value -9999 
[rows 648 to 674 of 718, columns 183 to 243 of 250]
0.238872903316565 0.208598330979527 0.265662561822761 0.22925360690461 0.194474126888907 0.192833804957518 0.186043943539634 0.211817904408384 0.188650558526542 0.231281860799726 0.256265006948023 0.214764058553105 0.20188881353672 0.190019726663352 0.203073884500848 0.21143697301601 0.191721146249681 0.172489595968369 0.165788049417384 0.172429896534396 0.173302256121553 0.206561667752071 0.215889019569701 0.213881992840784 0.210503553921239 0.203315663075305 0.197531574627038 0.199562485217425 0.193801576048434 0.191087887935142 -9999 -9999 -9999 -9999 -9999 -9999 -9999 -9999 -9999 -9999 -9999 -9999 -9999 -9999 -9999 -9999 -9999 -9999 -9999 -9999 -9999 -9999 -9999 -9999 -9999 -9999 -9999 -9999 -9999 -9999 -9999
0.250548157595076 0.212453137580949 0.262941157084181 0.288868234197658 0.218768371467117 0.198420396616951 0.190447382349293 0.202709483131581 0.209337006544818 0.255349884036574 0.249201544853879 0.19968452863366 0.292828132733698 0.221840878998517 0.241814909793404 0.189847385524139 0.201463125562808 0.193389600884784 0.174796899366468 0.168263759293938 0.175654227588891 0.20597202145953 0.205654437320206 0.20959074599609 0.205000158385868 0.193992042478962 0.181819899880501 0.21279348945034 0.159240739332915 0.163953090138661 -9999 -9999 -9999 -9999 -9999 -9999 -9999 -9999 -9999 -9999 -9999 -9999 -9999 -9999 -9999 -9999 -9999 -9999 -9999 -9999 -9999 -9999 -9999 -9999 -9999 -9999 -9999 -9999 -9999 -9999 -9999
0.214345722907222 0.223163027709307 0.206445193361744 0.254116228466193 0.262025028779744 0.197021744957984 0.187574733130654 0.190010370462591 0.194822018552174 0.211001579702801 0.240322838066503 0.222794272476747 0.299686787732108 0.287810266987707 0.23037682382181 0.222510640136997 0.211286212142931 0.214388177161779 0.175863358797531 0.178188606457028 0.176319503235046 0.179149924456875 0.187493390832719 0.199042836934654 0.190802695483063 0.20237724920744 0.180773191733302 0.202027160018027 0.329080353147516 0.33099109025499 0.323521527280435 -9999 0.199312768531135 -9999 -9999 -9999 -9999 -9999 -9999 -9999 -9999 -9999 -9999 -9999 -9999 -9999 -9999 -9999 -9999 -9999 -9999 -9999 -9999 -9999 -9999 -9999 -9999 -9999 -9999 -9999 -9999
0.31860877605758 0.216394044101928 0.187397273462312 0.188052590190024 0.18681168976951 0.177297697983107 0.178258997422407 0.192177145143734 0.199345376709933 0.214018373118076 0.242365130785412 0.203410958755938 0.190749204357508 0.25793884286814 0.218923608841251 0.207639691465562 0.206415682323554 0.199192138397504 0.173699105130897 0.173191438268203 0.168986764916028 0.167596062566876 0.211577451435228 0.207460624316898 0.212055247656146 0.291121724829195 0.213319868962169 0.247090991008923 0.325208021436207 0.204035456620621 0.178875933829958 0.286968627386493 0.201890525510919 -9999 -9999 -9999 -9999 -9999 -9999 -9999 -9999 -9999 -9999 -9999 -9999 -9999 -9999 -9999 -9999 -9999 -9999 -9999 -9999 -9999 -9999 -9999 -9999 -9999 -9999 -9999 -9999
0.311277804975472 0.261878980730309 0.213605591576756 0.180399770295717 0.207729069687892 0.222323098088965 0.17619527574882 0.188016171598089 0.19370216613308 0.171407191273707 0.24194810096987 0.191496605098312 0.0766112658761434 0.0912513177863528 0.0688457774479354 0.17314850983831 0.0902739244827513 0.169964821962618 0.200259203289954 0.182457231491058 0.177287050547797 0.252782150349579 0.270086011246992 0.276236770770981 0.326927739010851 0.248874251244675 0.294516506954244 0.235831566956439 0.277595667862946 0.198967644829429 0.190401795213054 0.223519215130439 0.286031413700919 0.2716923610964 0.370662135801924 -9999 -9999 -9999 -9999 -9999 -9999 -9999 -9999 -9999 -9999 -9999 -9999 -9999 -9999 -9999 -9999 -9999 -9999 -9999 -9999 -9999 -9999 -9999 -9999 -9999 -9999
0.305842414480535 0.272879863148765 0.209057598891821 0.211797464248145 0.243483884896564 0.233836366033452 0.173138837517185 0.174279199983725 0.0753931930957107 0.0677100993902539 0.0843954235033613 0.0879112961598627 0.0766554717945201 0.0886430776273045 0.0790692556083006 0.0830631933386867 0.091193250125947 0.0961382999827962 0.252818747344199 0.250019732312582 0.315535330211588 0.274193419195095 0.286217978157467 0.281465597416834 0.244304484662131 0.213886820287922 0.21277119375334 0.218956637856074 0.217897626914764 0.20950493265854 0.217500719928146 0.247184503313403 0.244121174190454 0.19031811144055 0.211609620337252 0.287173680575258 0.248737879637171 -9999 -9999 -9999 0.264679992394057 -9999 -9999 -9999 -9999 -9999 -9999 -9999 -9999 -9999 -9999 -9999 -9999 -9999 -9999 -9999 -9999 -9999 -9999 -9999 -9999
0.322701143302043 0.272884428798876 0.25247490771744 0.238146864606373 0.24772772260012 0.104596001043142 0.11255116048862 0.127673677654114 0.120863342263916 0.0882234919724929 0.0763684408568438 0.0878579786398083 0.0717764241923538 0.086225062119522 0.0870819595945756 0.0757135792675563 0.0772344494898603 0.0797821500489197 0.116823310157199 0.208005561378304 0.198194857622788 0.210944721217568 0.231262861204982 0.232471348833112 0.249297245314527 0.222158076024055 0.202000976864003 0.206636247311684 0.207904008237218 0.213123583286622 0.222481193601384 0.192234096144252 0.195887551139193 0.200408403513309 0.257609429915202 0.272390538597579 0.36293330226659 0.347813024282371 0.384095124677319 0.304054301865746 0.267268449274767 -9999 -9999 -9999 -9999 -9999 -9999 -9999 -9999 -9999 -9999 -9999 -9999 -9999 -9999 -9999 -9999 -9999 -9999 -9999 -9999
0.129472060911841 0.156268383782935 0.180151499363179 0.138259623175838 0.133029153640096 0.109763747274856 0.100208100916408 0.116842628628826 0.0951268809393058 0.114391617171958 0.107621275667213 0.0892248891811168 0.0724121093184178 0.0857172891864972 0.082999432601805 0.106473807581997 0.103232549103997 0.10614485387505 0.0624817148723949 0.0613362558701378 0.166310820465032 0.173967919008414 0.19292429842105 0.233105914411929 0.239410394100176 0.215595288694471 0.201253632182201 0.201174579672657 0.200574962071895 0.218153152841482 0.218276736004368 0.207731913716205 0.184448556630759 0.201576885559525 0.180111590299897 0.181118429148476 0.221480750096955 0.295154544533673 0.219993669325221 -9999 -9999 -9999 -9999 -9999 -9999 -9999 -9999 -9999 -9999 -9999 -9999 -9999 -9999 -9999 -9999 -9999 -9999 -9999 -9999 -9999 -9999
0.193978874267951 0.16668758024836 0.156001538306545 0.158363265121926 0.156966690292191 0.150677043509259 0.153395497499977 0.144709279297399 0.149941249856632 0.141728687965178 0.130348129177751 0.122064003273457 0.128715780406251 0.093046132951485 0.08459498983825 0.101813586737065 0.0602522810128047 0.0612116887608318 0.0637001233175715 0.0650435905822325 0.0612361344520274 0.13689017559561 0.169131001446017 0.201028819413111 0.1900283208295 0.195272568380473 0.194347173831198 0.195842831403037 0.193789293196869 0.205348518250433 0.188554173296827 0.181139037583115 0.179897229875246 0.195917932378034 0.191555070050991 0.178916532434227 0.185735745460929 0.191693586027987 0.261513815083404 -9999 -9999 -9999 -9999 -9999 -9999 -9999 -9999 -9999 -9999 -9999 -9999 -9999 -9999 -9999 -9999 -9999 -9999 -9999 -9999 -9999 -9999
0.190868870654817 0.173898647339481 0.147802223267021 0.148444361453034 0.144470429346367 0.153159936170287 0.126804713608068 0.149019701117584 0.0973708900558633 0.0892551818264088 0.0770128289944235 0.0638977041285924 0.0757632915878903 0.0614074948938561 0.0612500554645597 0.062305725537366 0.0606829667970149 0.0609854820897962 0.065244570199044 0.0660782670924098 0.060593500476632 0.0600713005887003 0.0561200491270006 0.067496558520491 0.14634540549408 0.18429621017506 0.207853139741504 0.191917824012304 0.176685526242539 0.178322953386149 0.192914020934496 0.178767821285434 0.192178593752253 0.206631377004284 0.199417488158195 0.166244969455693 0.171688919771844 0.190192238878287 0.224050571180406 0.190325472985754 0.173176562715873 0.173960933594673 -9999 -9999 -9999 -9999 -9999 -9999 -9999 -9999 -9999 -9999 -9999 -9999 -9999 -9999 -9999 -9999 -9999 -9999 -9999
0.207609257582628 0.186926933765221 0.157857052003914 0.148550287182082 0.149693228502914 0.155257826401261 0.100754123787292 0.0971116447684319 0.0976475229420069 0.0889675560301336 0.0616463718677377 0.0511531441390252 0.074014173768506 0.0666460088884339 0.0611696309898168 0.0625158197273149 0.0602971939939126 0.0632118798781968 0.065536246992485 0.0672964872829406 0.0603821600042973 0.0601495067163786 0.0836660332908718 0.0826620383529758 0.0695932141240218 0.169973710065088 0.196913684208989 0.185147377255578 0.217413926993234 0.173390372362626 0.187149618669126 0.182326028822295 0.193179585936121 0.186791419237526 0.202513782587424 0.191207373721408 0.186156548555349 0.173826502831442 0.219654780707495 0.188359918286851 0.174045058186294 0.170133384271958 -9999 -9999 -9999 -9999 -9999 -9999 -9999 -9999 -9999 -9999 -9999 -9999 -9999 -9999 -9999 -9999 -9999 -9999 -9999
0.244429083221388 0.188856998643302 0.168594763358023 0.134239700097904 0.144056995811832 0.156567364203254 0.133972823191749 0.0863738693163639 0.0842279858765096 0.0649868231231745 0.0639390283198371 0.0534520180719129 0.0687966508437241 0.069011545728638 0.0613564138300476 0.0624463258898793 0.0605359697318216 0.0638110734438311 0.0651634479431597 0.0667441471162986 0.066284952388756 0.059892303335356 0.0786855014974164 0.0784227475785224 0.0694761748126122 0.063984441470408 0.165752121262992 0.222340338861011 0.23129411378184 0.169761485156048 0.18950365628736 0.234639217832895 0.192248048005856 0.184036012916739 0.193952062642757 0.176738977892471 0.167500148614751 0.171628446428169 0.210612964913221 0.218756195390701 0.190431539771092 -9999 -9999 -9999 -9999 -9999 -9999 -9999 -9999 -9999 -9999 -9999 -9999 -9999 -9999 -9999 -9999 -9999 -9999 -9999 -9999
0.276314277410774 0.219948267106121 0.142199460164292 0.114204722606506 0.0993594466957308 0.101359151815256 0.0993564509344909 0.0914349834752697 0.0907627131200749 0.0682484886461458 0.0666830748855803 0.06105451978833 0.0755976238271701 0.0679762589908592 0.0641456515437316 0.0662172402025736 0.0532717436225199 0.0647757608338864 0.0656451876973595 0.0667033715008039 0.0670055930350155 0.061249605703942 0.0698392748762552 0.090198168363815 0.0940839454401084 0.061316044451938 0.150845642167688 0.162038422474722 0.171277968955129 0.172976441170965 0.161620872174053 0.202631197704598 0.167550263609785 0.217575119827621 0.180593149769415 0.181174051120133 0.172275575478241 0.165755950193996 0.164311698094401 -9999 -9999 -9999 -9999 -9999 -9999 -9999 -9999 -9999 -9999 -9999 -9999 -9999 -9999 -9999 -9999 -9999 -9999 -9999 -9999 -9999 -9999
0.259694256008699 0.178100354982995 0.195497876205976 0.154089944740333 0.110625658920688 0.102674903399861 0.0978641538753547 0.095871553942348 0.0962685691465797 0.0737175730797204 0.0721400341290093 0.0642024875170474 0.0527766646084285 0.0547997217190207 0.0705982225922616 0.0697100596037095 0.0541439041751322 0.0492302150252504 0.061293314884286 0.0667064310021344 0.069422285892035 0.0639465540380605 0.10402383752824 0.155669020307847 0.0649695009409084 0.170598042457392 0.144854089329963 0.153281562631216 0.168646314824378 0.140704062200378 0.161174252378827 0.182902343816103 0.181739632102823 0.216370486540693 0.201032250349081 0.151998948273639 0.158215202486705 0.174259001523077 0.168437844172734 0.16280601074269 0.179917034955994 -9999 -9999 -9999 -9999 -9999 -9999 -9999 -9999 -9999 -9999 -9999 -9999 -9999 -9999 -9999 -9999 -9999 -9999 -9999 -9999
0.261447192020044 0.249754416920788 0.195267501179346 0.171486796114299 0.123381551910731 0.110688174684964 0.097850693368377 0.0949685136476035 0.0742542080853518 0.0706089926608973 0.0627663347392201 0.0634016819657107 0.0528549761942892 0.0561810998973893 0.0521043414703046 0.0528590085955473 0.0511041056520375 0.0512203844310274 0.0628722329719393 0.0704061665952304 0.0695407851129608 0.0742587104557415 0.115353544786344 0.118830266509207 0.0849138938257989 0.17583360416193 0.174598598688566 0.172716996108902 0.170721569615758 0.172455669176205 0.159523051384185 0.177130047582332 0.164929546869788 0.175690938123687 0.155219085011609 0.149516111436963 0.16630448299062 0.179440704902256 0.172108411744072 0.163658444393264 0.169821047164967 -9999 -9999 -9999 -9999 -9999 -9999 -9999 -9999 -9999 -9999 -9999 -9999 -9999 -9999 -9999 -9999 -9999 -9999 -9999 -9999
0.254876420895361 0.236573658405934 0.235938770086327 0.256897368567266 0.180876253985282 0.130210294452244 0.109810700635544 0.0795656381733755 0.0729395744399239 0.069850931380592 0.0648504814743904 0.0677444670295369 0.0542511501558176 0.0519559708645466 0.0569529909792043 0.0540948138080034 0.0512205199204796 0.0486405345342055 0.0640943001572872 0.0680990355087227 0.0713669329376752 0.0712741414122151 0.0609530238455786 0.0674802749701145 0.0824365387344629 0.197328763613049 0.188807340752328 0.16919223127881 0.187773350151557 0.188344704370843 0.156210310369876 0.158440520226782 0.175667532609295 0.177546424155532 0.162655052829111 0.170656734422345 0.147005641469351 0.171397820529225 0.171796693990096 0.164155917569489 0.170750680733058 0.171634975260227 0.175875486065566 -9999 -9999 -9999 -9999 -9999 -9999 -9999 -9999 -9999 -9999 -9999 -9999 -9999 -9999 -9999 -9999 -9999 -9999
0.371885489853467 0.271678478550658 0.235068023022502 0.260401894501824 0.179020526072606 0.158528056881072 0.131430390512362 0.0937595833323954 0.0816717225498322 0.0699715614054872 0.0722183058516493 0.0634545645432781 0.0572194250601263 0.052412171808311 0.0550088692027996 0.0574012159384638 0.0496688634885105 0.0474028365928389 0.048527611651339 0.0493346817281518 0.0505845771336829 0.0558635459855989 0.0629617193671157 0.0863501099818009 0.0963938909519902 0.19913340309944 0.188535839477836 0.142680087887112 0.168845124139091 0.183859467450752 0.172862684341172 0.156935079277255 0.158527522953471 0.159922868519448 0.142927498326179 0.155673250287713 0.164536935650127 0.165344815549217 0.147513239455214 0.169156400546366 0.172558830196852 0.179774248981941 0.178842184786464 -9999 -9999 -9999 -9999 -9999 -9999 -9999 -9999 -9999 -9999 -9999 -9999 -9999 -9999 -9999 -9999 -9999 -9999
0.443879353032723 0.324558697224988 0.29208513628679 0.271949359648804 0.292825148965662 0.261462611791117 0.230989717425219 0.197029160659699 0.13284535926839 0.0778065927148575 0.0699764796073584 0.0766342239294744 0.0591978326329948 0.0588853568541065 0.0601705798371822 0.0626721289671509 0.0514498995063435 0.0490270779905566 0.0475161144576629 0.0514641848860385 0.0514066075801429 0.0646464097730978 0.0822843834529462 0.111423462680315 0.247451520722613 0.202600191694757 0.166294688277496 0.159588182596679 0.158888067762013 0.173387150018673 0.176050593360532 0.155945844452232 0.16823446394246 0.143387891289118 0.131980711979286 0.130014713193414 0.146808641078293 0.157460702996897 0.15521029653834 0.165907516383809 0.137713286032331 0.162918600948486 0.168785149139408 -9999 -9999 -9999 -9999 -9999 -9999 -9999 -9999 -9999 -9999 -9999 -9999 -9999 -9999 -9999 -9999 -9999 -9999
0.359800309760283 0.33726156863584 0.357020537937563 0.366033909184848 0.291331485124438 0.305141598490781 0.399278147235665 0.306251134412014 0.271751163725857 0.192249221013563 0.150221320981355 0.116305851410142 0.0631978708370582 0.0633820997825601 0.0629511149631861 0.0639336281712739 0.0534677099005843 0.0502037506072492 0.0544957680586932 0.113458961587252 0.0569622182819603 0.0640551517571141 0.0575624379938232 0.105210810026156 0.199734517327174 0.159492677006268 0.159772871110903 0.161259290048378 0.140859195984984 0.138105603794613 0.142253934083532 0.158362982494922 0.141312813224166 0.135011065524418 0.13080345242666 0.144857544932375 0.13884924138925 0.139734509424248 0.149707172837806 0.143613237443533 0.152282762764363 0.133241726110217 0.16109379687385 -9999 -9999 -9999 -9999 -9999 -9999 -9999 -9999 -9999 -9999 -9999 -9999 -9999 -9999 -9999 -9999 -9999 -9999
0.336710246045094 0.40890685319327 0.41615088689725 0.360589578618582 0.350957631131394 0.310332346676832 0.458002202561218 0.408783319856309 0.341317405164002 0.174760655471105 0.205077496351255 0.17913773714477 0.085313468125526 0.111426447306239 0.14088622951384 0.128531791222468 0.0565674991679708 0.0485120018923199 0.0675488094616821 0.17615009712905 0.079298662992411 0.0753709873403449 0.0693322031319022 0.0694575531938974 0.215107807591918 0.185949440837983 0.148915226473143 0.145021202596727 0.119688969225351 0.119639339178174 0.116266888318778 0.156116206140675 0.157706523786446 0.167217200502095 0.167614050231061 0.143667788797905 0.145156010510267 0.147086721767352 0.162164451539045 0.161240209041884 0.165612469267386 0.1639318958829 0.149482683016147 -9999 -9999 -9999 -9999 -9999 -9999 -9999 -9999 -9999 -9999 -9999 -9999 -9999 -9999 -9999 -9999 -9999 -9999
0.333447500569304 0.385996685056197 0.409730834343875 0.358611000501309 0.340876033970123 0.453078299794781 0.544221601996527 0.414218544958999 0.31720485773097 0.330991270463677 0.31394455965781 0.18279907180157 0.125763500655097 0.186120713846509 0.179318324055667 0.161084017250694 0.14282705960097 0.114686511520345 0.107949930810165 0.0800994919494646 0.061972768619273 0.0771224308940794 0.0752447170740104 0.0954420273552204 0.21221622936047 0.178129019005989 0.145821266946234 0.13585946934103 0.17128194272564 0.164441633503795 0.163143854619614 0.158985807505806 0.158019814653458 0.154157119159344 0.171925678182471 0.163488501202104 0.16598596714515 0.175757789295428 0.157342659861237 0.153639913526907 0.139808097947755 0.138209469168368 -9999 -9999 -9999 -9999 -9999 -9999 -9999 -9999 -9999 -9999 -9999 -9999 -9999 -9999 -9999 -9999 -9999 -9999 -9999
0.659909082370969 0.549625339935782 0.331389810277911 0.324665577506288 0.322780288600556 0.356801386271736 0.510687841527123 0.470015947744817 0.380243070898519 0.3861232085293 0.389703964189348 0.253789530580696 0.266764936903581 0.257377649455913 0.218042067293268 0.172621483303361 0.136337846377377 0.15759563648101 0.135312979885793 0.133457571539219 0.160808311765703 0.0846840917390308 0.0762770952095262 0.201662431318285 0.149874639544068 0.211113608551027 0.216542505626409 0.219781856801591 0.175352737183882 0.165540701087957 0.134117754127839 0.132530388383814 0.16317746977755 0.170264680140731 0.170264680140731 0.163581036398954 0.185813411292147 0.199708694227016 0.149287032892872 0.177867827234775 0.176779391393098 0.173736457511688 -9999 -9999 -9999 -9999 -9999 -9999 -9999 -9999 -9999 -9999 -9999 -9999 -9999 -9999 -9999 -9999 -9999 -9999 -9999
0.610540949138299 0.460428375909243 0.491625032453018 0.421693042191628 0.333288723478103 0.306302362022974 0.304452740169953 0.456783992338235 0.551268558849751 0.396328382480825 0.217376606983308 0.352321824701836 0.506649106145371 0.36036893710765 0.304929232055024 0.206233990486812 0.179371122092634 0.188308803710643 0.167810898227694 0.140069882295289 0.153382996113416 0.0594484683744865 0.0585489873816338 0.154540022257568 0.184087179667199 0.237542304887468 0.223281218762231 0.1965054649922 0.144878811416621 0.136073173861165 0.136044474032809 0.134525611004366 0.138907898282221 0.143051338719766 0.17724548732557 0.166399980623293 0.210068840509225 0.199607683194363 0.190914662557467 0.173761129872066 0.164875636979437 0.186700499784763 -9999 -9999 -9999 -9999 -9999 -9999 -9999 -9999 -9999 -9999 -9999 -9999 -9999 -9999 -9999 -9999 -9999 -9999 -9999
0.440977662567962 0.557809954023936 0.637460357213312 0.590381823863807 0.354066200394048 0.32777370926053 0.532023103845999 0.597774001703568 0.583651820260916 0.535858953271616 0.271567450340283 0.45805778460367 0.399694002934591 0.464942673993385 0.434728237821362 0.432076407778918 0.256092743115797 0.327089529765403 0.275793550061476 0.239567880931182 0.120877323630226 0.0611662224000546 0.158230876253218 0.198860006355477 0.219027064111298 0.218225020694028 0.190922879176429 0.184743611485565 0.157870787116669 0.142148333125027 0.14667870567743 0.143231176505424 0.157086174621129 0.168680381770284 0.202106001301594 0.158064321908677 0.210053362911364 0.195779500786944 0.182572450380177 0.150535082529185 0.15462429584858 0.17546074716432 -9999 -9999 -9999 -9999 -9999 -9999 -9999 -9999 -9999 -9999 -9999 -9999 -9999 -9999 -9999 -9999 -9999 -9999 -9999
0.602005625438523 0.501158922961845 0.445833009131077 0.6893035618256 0.584086907460073 0.5542331824881 0.537135553881098 0.589779550106319 0.592795344155602 0.326627438216508 0.533281368113442 0.311011688248797 0.414209823808465 0.592582375626226 0.525313984286994 0.499200957017142 0.361119195759262 0.432942075901129 0.376964613776001 0.361992231076306 0.0690124209486181 0.150066702204405 0.17556075763387 0.206900315369109 0.19699074807494 0.214843524636051 0.187830877009712 0.181274790913879 0.180202272985626 0.161355222840996 0.129995296294202 0.144510006307328 0.139629171107581 0.154434849586852 0.164518709731541 0.170174022221959 0.210829303870476 0.179637203531437 0.199533532849088 0.153358876990111 0.143913092100679 -9999 -9999 -9999 -9999 -9999 -9999 -9999 -9999 -9999 -9999 -9999 -9999 -9999 -9999 -9999 -9999 -9999 -9999 -9999 -9999
0.680061639916186 0.542537729653361 0.493108261286797 0.650204471675977 0.658973161957279 0.634749470679627 0.598615566112117 0.563487702811986 0.502497448861222 0.427055094789028 0.570907298226864 0.36684143328608 0.431865973224891 0.630384327135377 0.449404336792374 0.495309734851996 0.439677596913392 0.387416878565949 0.401065695409161 0.309108247085256 0.216029769070236 0.213090099387701 0.178068019840162 0.23600819362872 0.233572293406008 0.199221945946021 0.186904893183628 0.199846413209087 0.182380926587607 0.158878218884799 0.155391196549527 0.153491224798538 0.144132853615891 0.141370450565498 0.149193112959016 0.148789069614321 0.174000305110198 0.181536551419874 0.173374871021451 0.197413057945096 -9999 -9999 -9999 -9999 -9999 -9999 -9999 -9999 -9999 -9999 -9999 -9999 -9999 -9999 -9999 -9999 -9999 -9999 -9999 -9999 -9999
0.796638341472815 0.68942636585234 0.76583589553057 0.784563539482 0.789482549124345 0.672729539337233 0.663594266050422 0.618032154504392 0.508817117810024 0.532586414583466 0.564680192292201 0.399745842805114 0.538559553537398 0.608911606802295 0.478460278695825 0.534846680057797 0.6952296281635 0.639969772755182 0.612823739464847 0.595158085799301 0.334689396934267 0.298030257643476 0.173954661689594 0.232785038007717 0.231716524530157 0.234101169990158 0.200231892323764 0.190671329956209 0.178988611017452 0.1757189184792 0.175670319972134 0.149969728734998 0.151612423272209 0.150016022350092 0.151897339954913 0.150155645032342 0.148342703500583 0.148725559842531 0.175358057672889 0.180209611441672 -9999 -9999 -9999 -9999 -9999 -9999 -9999 -9999 -9999 -9999 -9999 -9999 -9999 -9999 -9999 -9999 -9999 -9999 -9999 -9999 -9999
