Webinar-7-31-2019/PredictionGrids_CV_example/preds_0.5_TD150.asc
NCOLS 250 
NROWS 718 
XLLCORNER -2256000 
YLLCORNER 1557000 
CELLSIZE 1000 
NODATA_value -9999 
[rows 594 to 620 of 718, columns 183 to 243 of 250]
0.125943573964097 0.0806500111944156 0.0903568021926385 0.0674340873909439 0.0637832263728663 0.0558450384943194 0.0568931305158649 0.0649944567208497 0.0876436188039848 0.0733839155319684 0.0809512264896802 0.0855111610337428 0.0566072122780195 0.0568400436827344 0.0595036852529132 0.0722705261023399 0.0858576784196689 0.0948311748883963 0.105835147759944 0.129906071527761 0.122495189699866 0.122819417826411 0.126863071096494 0.13529162078698 0.107870140437206 0.104021035132572 0.101223031186376 0.0860705362124357 0.0873113379894569 0.0867974193136812 0.0798930854971239 0.100732651390036 0.102250790711415 0.0964449518873854 0.154203738014619 0.113364173253807 0.14989756920745 -9999 -9999 -9999 -9999 -9999 -9999 -9999 -9999 -9999 -9999 -9999 -9999 -9999 -9999 -9999 -9999 -9999 -9999 -9999 -9999 -9999 -9999 -9999 -9999
0.124885301230642 0.0702299923776741 0.0938538798153523 0.0665196446995979 0.0737008401611869 0.0541522549913981 0.0559158308333267 0.0595252846284777 0.108718403934845 0.0953909016092988 0.0757298359959451 0.0781089756939569 0.056768646616971 0.0556722255532251 0.0635479828324623 0.0685350066230323 0.075914208964061 0.117289077397473 0.0964130873886775 0.0848760588659851 0.0945311510911596 0.11085196809424 0.132042019695529 0.136661423017279 0.123201022660555 0.0914282010578956 0.0743476122215376 0.0863101056447931 0.0975554668536181 0.0918509064138818 0.120522229558075 0.182218835875001 0.168554691119777 0.144977786101544 0.0945108704314186 0.138625896216767 0.103138140453607 -9999 -9999 -9999 -9999 -9999 -9999 -9999 -9999 -9999 -9999 -9999 -9999 -9999 -9999 -9999 -9999 -9999 -9999 -9999 -9999 -9999 -9999 -9999 -9999
0.0766033111150937 0.095759738508818 0.102407082974562 0.0836493609392908 0.0779045216433386 0.0600830498596709 0.075601007823199 0.101537523357201 0.105276401203164 0.0995722665718893 0.0840568687760824 0.0771721491912424 0.11150321888944 0.0691665539274118 0.0585007340483712 0.0614057591433678 0.0845000478277201 0.082176058816196 0.0838837453010093 0.0931542590970487 0.0839290183317911 0.0879705003790543 0.11892344420686 0.112157276709189 0.13354827654864 0.104834338968593 0.0811542399406568 0.0772880227774063 0.086478520582028 0.0852640036189647 0.106604165187512 0.184136109135097 0.189065828881156 0.149942184430973 0.119455479236358 0.0890642063069365 0.0929671874999661 0.224138954611667 -9999 0.192008097117699 0.17892950073027 -9999 -9999 -9999 -9999 -9999 -9999 -9999 -9999 -9999 -9999 -9999 -9999 -9999 -9999 -9999 -9999 -9999 -9999 -9999 -9999
0.0668520083125004 0.100846553231816 0.0930270173979699 0.0885784691819648 0.0738157683966423 0.0727060145826641 0.0741084550462378 0.0802407034440146 0.0970966161910603 0.0882096647810953 0.0791501960389971 0.0751517079859718 0.100466444993823 0.064885883341456 0.0609783431464203 0.0821080543775127 0.0821728139779522 0.16286704940268 0.145962397944322 0.0952738938778571 0.0814993588985078 0.0830783301548246 0.100412350310599 0.102084618727071 0.0895646081065162 0.0797381225715699 0.0776478570315886 0.0781686775424465 0.0873949009355457 0.0968163818207156 0.0938883586620646 0.156107590805081 0.187515247221205 0.196667024699931 0.173270013003234 0.137833283283278 0.0802128471829292 0.17044356721128 0.168138964970825 -9999 -9999 -9999 -9999 -9999 -9999 -9999 -9999 -9999 -9999 -9999 -9999 -9999 -9999 -9999 -9999 -9999 -9999 -9999 -9999 -9999 -9999
0.113627244573932 0.100999975137223 0.0708573882628787 0.0787413139397635 0.0714464625013692 0.0547302947170292 0.0773644158254274 0.0981201479174285 0.0929238801080501 0.0768742750414208 0.0929297327229432 0.0954248940050678 0.105688985873802 0.0590971814530757 0.0593391717040163 0.169832284599052 0.17484157947315 0.177227703027075 0.181543169503476 0.182163601627756 0.119045600079914 0.0900884564817119 0.092362058033314 0.101161968151053 0.0947234239132269 0.0994642590223684 0.080459366843401 0.0735450884644381 0.0871327565431421 0.0954700409067821 0.0929999656040319 0.0811420746493971 0.128091141782529 0.196144985406824 0.187218513238951 0.180304659883394 0.14530578608696 0.108472323556331 -9999 -9999 -9999 -9999 -9999 -9999 -9999 -9999 -9999 -9999 -9999 -9999 -9999 -9999 -9999 -9999 -9999 -9999 -9999 -9999 -9999 -9999 -9999
0.0949768052907599 0.08954321936045 0.0613930645225383 0.0537587798553098 0.0687053697054991 0.0541111838541836 0.0548832138840917 0.0687317364997516 0.0697078025154756 0.071671236208841 0.13074157465888 0.132337901113905 0.0872871782747795 0.0894039361227401 0.0744186500902281 0.178835466099637 0.178273064804074 0.190413395784099 0.16897536821913 0.167158499599648 0.188016853098979 0.0695051270236228 0.0744221909917319 0.0847732847621549 0.0853274412962082 0.0771576300342641 0.0843743313410533 0.0839071430159871 0.0868536999508114 0.0834736226908215 0.0790119760718376 0.0798465519041201 0.0880728101923467 0.0966725533877392 0.154838949099392 0.184045405450909 0.155439790911337 0.0931675344237559 0.0814015983393515 -9999 -9999 -9999 -9999 -9999 -9999 -9999 -9999 -9999 -9999 -9999 -9999 -9999 -9999 -9999 -9999 -9999 -9999 -9999 -9999 -9999 -9999
0.0935813750953374 0.0816393320839112 0.0823741148596269 0.0766082281222472 0.0798384411334357 0.0773177852481878 0.0547946061844502 0.0758357236537513 0.0778953537365318 0.0777338772725782 0.0899000419432806 0.0914991947362614 0.086472601946156 0.0916532299562217 0.191192298112363 0.1807829128609 0.201272071941619 0.19744965769969 0.190869987090028 0.166985752246614 0.214350194255112 0.0757156441386916 0.0820406878684172 0.0852197904445101 0.0733294747692418 0.0809331113567398 0.0840715377293646 0.0838372723100604 0.0830359776240258 0.0847623829758203 0.082141236897923 0.0813280443844186 0.0789499444145643 0.0800771618981343 0.0801628657338242 0.0903242069088114 0.0965660763330761 0.0855499859752446 0.0962854137166129 -9999 -9999 -9999 -9999 -9999 -9999 -9999 -9999 -9999 -9999 -9999 -9999 -9999 -9999 -9999 -9999 -9999 -9999 -9999 -9999 -9999 -9999
0.105375226664645 0.0990275466276215 0.0848575984630379 0.0720416307870097 0.069347536058377 0.0713031793602249 0.0674650146614885 0.078551237128465 0.0933174801842801 0.0907740871711287 0.0728798880336989 0.0754002745693752 0.0504551941511914 0.0583276224901984 0.177064372109624 0.191345304827615 0.197530143551202 0.236755113127556 0.212955659857031 0.178689452651695 0.226609735979715 0.0767848990176274 0.0771056224018548 0.0848629363439772 0.0835700050691014 0.0818005726980555 0.0722963688138199 0.0732436371452603 0.0809116425141786 0.174240977837742 0.142742302790339 0.188793584157804 0.164422169545346 0.0849901865248326 0.082736110431123 0.0785528741917233 0.159652334857244 0.0980467050287142 0.077173822558442 -9999 -9999 -9999 -9999 -9999 -9999 -9999 -9999 -9999 -9999 -9999 -9999 -9999 -9999 -9999 -9999 -9999 -9999 -9999 -9999 -9999 -9999
0.103616528373456 0.0980577768764773 0.0721733817969641 0.0577565372135926 0.0506131123819011 0.0567342602435056 0.0519055371673499 0.0551830377972545 0.0685938115152379 0.0785776783696685 0.0918357556338825 0.0915889186834305 0.0724404372757505 0.0588125308495684 0.0760465475916178 0.177570955118456 0.174718032501767 0.180550854101618 0.18163979894469 0.231055862817289 0.0794385931723268 0.0814234627638509 0.0835535207377981 0.0831358547187683 0.0799877529662006 0.0815002127926286 0.0770245439176791 0.0775532599992785 0.0758829449478879 0.0881793991819687 0.122906479780499 0.118203957815595 0.12308866353894 0.188920149684584 0.193067251075398 0.101407293751408 0.0749368865485479 0.0765945054866247 -9999 -9999 -9999 -9999 -9999 -9999 -9999 -9999 -9999 -9999 -9999 -9999 -9999 -9999 -9999 -9999 -9999 -9999 -9999 -9999 -9999 -9999 -9999
0.0995953109089905 0.0880364346237506 0.0853060344135804 0.0886006171515335 0.0667231268563158 0.0588972789599916 0.0665614141396443 0.0694232095291466 0.0681857277073339 0.0553976616567546 0.0788169270491323 0.0934863282163958 0.0726697705404686 0.0641829344615929 0.0590796686574445 0.067268284939192 0.0792043369865072 0.140729199939329 0.0763573018741174 0.0875959803611786 0.0724092289744641 0.0648500970828789 0.0703001751981223 0.0895746413066749 0.0785450794526413 0.0785126624397319 0.0835900759008293 0.103282901801331 0.0900265664338761 0.111928842354862 0.200514179887148 0.145744330799712 0.148326055027084 0.0947318035812917 0.155284843714073 0.173322966505291 0.137064979055408 0.135062454745024 -9999 -9999 -9999 -9999 -9999 -9999 -9999 -9999 -9999 -9999 -9999 -9999 -9999 -9999 -9999 -9999 -9999 -9999 -9999 -9999 -9999 -9999 -9999
0.083748756469592 0.0880817718045957 0.0930926599545019 0.0897967076042953 0.0642792819688234 0.0549485782560194 0.046527881133675 0.0453934992788219 0.050561986657977 0.0519439483881867 0.0696887770754823 0.0590892090680567 0.0621364524218749 0.0883046916402103 0.0945869786249439 0.0674111221769821 0.068348403909383 0.0447304936319085 0.0751450546055755 0.0655953287445773 0.0622306397904953 0.0674418242765251 0.0725712655220098 0.104898530587743 0.107360620175821 0.115628326981867 0.108799858635566 0.135594162875282 0.104470686959833 0.125139389647794 0.1552084522191 0.169722188009149 0.17027403204455 0.130020943568605 0.0983019621930417 0.0766341878567808 0.168271681519413 0.176750719755898 -9999 -9999 -9999 -9999 -9999 -9999 -9999 -9999 -9999 -9999 -9999 -9999 -9999 -9999 -9999 -9999 -9999 -9999 -9999 -9999 -9999 -9999 -9999
0.081003650697199 0.0727348884309567 0.0877362423664748 0.0825435158683713 0.0800790192704959 0.0719531620014246 0.0735989677401394 0.0432497890270709 0.0461936957721498 0.0462516943118404 0.0646249611709302 0.0657463079424926 0.0573478665475125 0.068611786974806 0.0456536163870018 0.0614635051044445 0.065882990483875 0.0531014307170544 0.0717717834954769 0.0615969318935003 0.060253962261796 0.0682878379603007 0.0781787167885114 0.0743950026035353 0.104939940931139 0.117909385972456 0.121342724616351 0.186398616342553 0.107111858524262 0.154582797552415 0.180669906597242 0.18519025016045 0.177388570717035 0.178546987455706 0.121613795790287 0.11819863468501 0.151721779743007 0.142698495083552 0.149256243752235 -9999 -9999 -9999 -9999 -9999 -9999 -9999 -9999 -9999 -9999 -9999 -9999 -9999 -9999 -9999 -9999 -9999 -9999 -9999 -9999 -9999 -9999
0.0887724912276019 0.0758897527130808 0.0863912849024252 0.0848912700125266 0.0847843800806541 0.0785256005902467 0.087780166802753 0.058983969833718 0.0559094396081279 0.0468327720112751 0.0524622331366892 0.0544649763209364 0.0636815873904805 0.0662777213242571 0.0457557608389687 0.0616176481721185 0.0493076146110507 0.0609659065049767 0.0468253048457052 0.0617084906734176 0.0610907238517998 0.0611461318211641 0.0697995351202032 0.0852369348821684 0.127636938771456 0.118285419637355 0.114816670547994 0.18352617741351 0.177032341444634 0.161136670721081 0.163782391305513 0.191838640954763 0.183383866019752 0.169504217708925 0.177959161773253 0.134961683466582 0.100380077633735 0.173416765937041 0.173233998941696 -9999 -9999 -9999 -9999 -9999 -9999 -9999 -9999 -9999 -9999 -9999 -9999 -9999 -9999 -9999 -9999 -9999 -9999 -9999 -9999 -9999 -9999
0.0608472984606682 0.0723866393755087 0.0769813435289643 0.0729337932846025 0.0809432522021978 0.0757618653206508 0.121120873033571 0.0768571685160077 0.0562791708235977 0.0621629543996517 0.0629506640853777 0.0556598856390196 0.0612830698382284 0.0454058452366256 0.0452683862731212 0.0461804349987907 0.0485470161383811 0.0684946110039825 0.0526097424625347 0.0638848762856072 0.0747835025480431 0.0614392933181662 0.0699167052230869 0.0847336841750799 0.0862158337573225 0.110763336775169 0.182632538046691 0.185936052823469 0.174519574682851 0.156951690366273 0.145093122695757 0.158578243816716 0.180964228931393 0.173445559597364 0.162510062475356 0.16982340361986 0.136395282078424 0.0784500197915829 0.134440466652831 -9999 -9999 -9999 -9999 -9999 -9999 -9999 -9999 -9999 -9999 -9999 -9999 -9999 -9999 -9999 -9999 -9999 -9999 -9999 -9999 -9999 -9999
0.053139080059886 0.0735605943961537 0.0742749121588596 0.0656723714444993 0.0704140793094501 0.0667317662069468 0.0786941889927784 0.0622307711685492 0.0546040901903137 0.0618749336282003 0.0624973849758429 0.0544940486226785 0.0553376311726803 0.0459359902833422 0.045156028575496 0.0452914884471786 0.0553594233891206 0.048946794115317 0.0506773709227769 0.0663326405047068 0.0764173918936562 0.0812330835679733 0.0770973430671574 0.083294817560681 0.0824483363244499 0.0827783516093014 0.0972559965469577 0.181888905160559 0.135708181660633 0.0885202426794392 0.0956332210443883 0.0858910371443507 0.155985362832727 0.171641773462479 0.167609619982142 0.166680485153729 0.19403363312073 0.146396282663378 0.153859379688466 -9999 -9999 -9999 -9999 -9999 -9999 -9999 -9999 -9999 -9999 -9999 -9999 -9999 -9999 -9999 -9999 -9999 -9999 -9999 -9999 -9999 -9999
0.062121535882556 0.0522595513167743 0.05242538660296 0.0622511528475318 0.0597467545651031 0.0578763245961696 0.0559372467537769 0.0524621323989402 0.0504683192463418 0.0453064389496962 0.0613813569809611 0.0539407930287022 0.0523813949338264 0.0474505211066914 0.0472300460607258 0.0472708563624699 0.0502539450463391 0.0459206359206792 0.0423446498176109 0.0446259349510899 0.0591863367597968 0.0612552394247451 0.063548744518387 0.0689360928676169 0.0738693737719555 0.0849597912478863 0.0836204312903865 0.17972115554421 0.178897320199131 0.165050333336536 0.171048974457124 0.0877545104761659 0.134457622764437 0.162759712431652 0.164420986442197 0.170625611167761 0.167209762899248 0.164307904535688 -9999 -9999 -9999 -9999 -9999 -9999 -9999 -9999 -9999 -9999 -9999 -9999 -9999 -9999 -9999 -9999 -9999 -9999 -9999 -9999 -9999 -9999 -9999
0.0550670440235201 0.0425370022437606 0.0447049160643832 0.066482630373156 0.0639528580206576 0.0655504500307157 0.0602176497036514 0.0524879708302488 0.0447151356510154 0.0446085346577153 0.0614089492627959 0.0624565280887696 0.052282632254916 0.0462642817905413 0.0478880757771299 0.049036099123277 0.0538478527756197 0.0460750420150201 0.0421844870386912 0.0439005374896517 0.0607369562831151 0.0614887681133552 0.0609676065057914 0.0726389425260306 0.0645159916812031 0.0753427551397109 0.0833110256254722 0.0867428154903788 0.0901209542680401 0.0950596402812259 0.139839123918914 0.13598909776287 0.140153856310325 0.156316564937358 0.158292796126587 0.159771520169745 0.158196948183689 0.161459956281921 -9999 -9999 -9999 -9999 -9999 -9999 -9999 -9999 -9999 -9999 -9999 -9999 -9999 -9999 -9999 -9999 -9999 -9999 -9999 -9999 -9999 -9999 -9999
0.0634310403492007 0.0404464489484675 0.0403890989469938 0.0670553743933094 0.0647187383984451 0.0578376605761407 0.0567313489799491 0.0484912112118531 0.0441111299127928 0.0552463967112568 0.0579601219250992 0.0732433532663982 0.0536387805903456 0.0486359913370327 0.0474851097505391 0.0472205888910077 0.0623307242342587 0.0434600969940745 0.0437858349048874 0.0422493859134621 0.061825597744231 0.0608954483421126 0.061799368170752 0.0669957805832088 0.0720172386258771 0.0721560299374057 0.0818457329144772 0.089483009486457 0.0877446307300098 0.0925228759968147 0.0970857543168641 0.0929654127955732 0.129112509688136 0.137944281258828 0.160043142475162 0.160289947148307 0.163127263871074 0.159445516066904 -9999 -9999 -9999 -9999 -9999 -9999 -9999 -9999 -9999 -9999 -9999 -9999 -9999 -9999 -9999 -9999 -9999 -9999 -9999 -9999 -9999 -9999 -9999
0.0585712877606825 0.0370477861832819 0.0388808667499253 0.0410924494811995 0.0572710928981222 0.0546507244812872 0.0577545998475239 0.0486393370275293 0.046454922806221 0.0524245283423658 0.0796684426998475 0.0691606056849618 0.0462520008985276 0.0507846653148743 0.0485999081854347 0.0740843147237932 0.0635317230822827 0.0427810103801463 0.0423157139364469 0.0440896092804584 0.0603278230166126 0.0605658582051103 0.0630267795347092 0.0633674819590535 0.0622049107348941 0.0630046681449609 0.0696269666958757 0.0836054465045533 0.076374420710214 0.0921349966041503 0.096286333252389 0.094243997417381 0.090023866666645 -9999 0.0919807554953834 0.0919438721724326 0.12469799335471 -9999 -9999 -9999 -9999 -9999 -9999 -9999 -9999 -9999 -9999 -9999 -9999 -9999 -9999 -9999 -9999 -9999 -9999 -9999 -9999 -9999 -9999 -9999 -9999
0.0619599172443805 0.0368002758461278 0.0442722075064698 0.0406323835797723 0.0578271696076871 0.0559024024155612 0.0591508293833793 0.0525000068840227 0.0456216559560319 0.0441827784782667 0.0553498982428061 0.0763266963593209 0.0633673387530814 0.0664664256616369 0.0531837162085195 0.0818776779140891 0.0492476129237079 0.0427853713298189 0.0416423302334261 0.0430977098010008 0.0439822029783644 0.0446394315636608 0.06946653184932 0.081528809381059 0.0773124568188943 0.0834930675187216 0.0767844240601577 0.0672372200939925 0.0657284888025864 0.0899985101964924 0.0877465483513237 0.0891975501427148 0.0880053497647378 -9999 -9999 -9999 -9999 -9999 -9999 -9999 -9999 -9999 -9999 -9999 -9999 -9999 -9999 -9999 -9999 -9999 -9999 -9999 -9999 -9999 -9999 -9999 -9999 -9999 -9999 -9999 -9999
0.0539365211490284 0.04181820707313 0.0406300896184179 0.0471456297044499 0.0431964126785302 0.0577118162583035 0.0571748489909126 0.0574660016420533 0.0379271523255414 0.0392292608121547 0.0576724858256275 0.0857193744240283 0.0617082344699444 0.0685737605545173 0.073834656819074 0.116862017346434 0.070164910890496 0.0529677434143818 0.0429288855303284 0.0423416454808839 0.0462962708819221 0.0472313151452139 0.0503994871302668 0.0802482176216807 0.0964583134503846 0.0799704015244255 0.0793675960726178 0.0804313877956266 0.0810750210601541 0.0866559653988287 0.0873078031897707 0.0888237037798052 -9999 -9999 -9999 -9999 -9999 -9999 -9999 -9999 -9999 -9999 -9999 -9999 -9999 -9999 -9999 -9999 -9999 -9999 -9999 -9999 -9999 -9999 -9999 -9999 -9999 -9999 -9999 -9999 -9999
0.0545639255055131 0.055460546003131 0.0445354221154447 0.0471741464133183 0.0377281850518791 0.0411114109084888 0.0454263620276851 0.0581491240626871 0.0502087871404537 0.0382448677323704 0.046125612219595 0.0586166732962808 0.0623504206154297 0.0676626315688978 0.0887100005800098 0.0555577270462885 0.0561548548963177 0.0496839039781184 0.0387601960458899 0.0396484119699368 0.046784180912225 0.0611157267093864 0.0633583680707047 0.0739568532720882 0.0739450860072694 0.0706193225813934 0.0708230612095411 0.07638743805537 0.0695729248859599 0.0758948076740849 0.0761077256364216 0.0740370161286314 -9999 -9999 -9999 -9999 -9999 -9999 -9999 -9999 -9999 -9999 -9999 -9999 -9999 -9999 -9999 -9999 -9999 -9999 -9999 -9999 -9999 -9999 -9999 -9999 -9999 -9999 -9999 -9999 -9999
0.0545478157501016 0.0557056109540975 0.0543624186111746 0.0436806582194076 0.0632575957858594 0.0985468828640634 0.101084409921994 0.139454087002796 0.135132576350439 0.0493024152050491 0.0472060347315507 0.0611243493690973 0.0650391831828543 0.0851538478245751 0.0645636553779434 0.0485672275388172 0.0488785655401178 0.0652107846437399 0.03935942827053 0.0412940553623517 0.0490231771625049 0.0530233905769637 0.0698153012348702 0.0728373666040702 0.0725224393458787 0.0645620640170874 0.0692281012079527 0.0676677919529924 0.0588094132890093 0.0669185658177085 0.0671536089721019 0.0633620466292566 -9999 -9999 -9999 -9999 -9999 -9999 -9999 -9999 -9999 -9999 -9999 -9999 -9999 -9999 -9999 -9999 -9999 -9999 -9999 -9999 -9999 -9999 -9999 -9999 -9999 -9999 -9999 -9999 -9999
0.0561059270102803 0.0562924306019769 0.054894194091094 0.13385987483891 0.151855496142416 0.119523661853057 0.102993901990941 0.143322471777354 0.141824643632739 0.144706853010684 0.129084371876595 0.0744875386529489 0.0542757561548801 0.0590299278649772 0.0493813324935044 0.0443026559040484 0.0447790808378812 0.0497029127320323 0.063477945627476 0.055016601745277 0.0674097725960995 0.0713473405260086 0.0678942763081046 0.0689611931405124 0.0663507190648742 0.0574866099377115 0.0607943546876843 0.0634699273077767 0.0629937593755756 0.061361464692214 0.0639801606000627 0.0625526768998775 -9999 -9999 -9999 -9999 -9999 -9999 -9999 -9999 -9999 -9999 -9999 -9999 -9999 -9999 -9999 -9999 -9999 -9999 -9999 -9999 -9999 -9999 -9999 -9999 -9999 -9999 -9999 -9999 -9999
0.0715242480219381 0.0462290452860634 0.114198881747343 0.121469083461047 0.147244603596649 0.144261278057362 0.130773659222942 0.149487710126919 0.147318815615614 0.170488390871628 0.151273636930606 0.151384871169291 0.167796505087085 0.113827054012087 0.11178754438106 0.0520322322052255 0.044703541539868 0.0403555576469484 0.0497136319844917 0.0549214882475696 0.0534058437452832 0.0683694972045122 0.071644198755465 0.0719715757766348 0.0700132738262281 0.0595052013248678 0.0598615498388127 0.0609129106819695 0.0693543925576168 0.0622126425766937 0.0528366962068628 -9999 -9999 -9999 -9999 -9999 -9999 -9999 -9999 -9999 -9999 -9999 -9999 -9999 -9999 -9999 -9999 -9999 -9999 -9999 -9999 -9999 -9999 -9999 -9999 -9999 -9999 -9999 -9999 -9999 -9999
0.0435711322692378 0.142288435885645 0.117355243721302 0.13157496312197 0.162795643392546 0.145072111578011 0.146546594078007 0.169298248739907 0.154076987067797 0.17583390554421 0.170484450962284 0.146483514225801 0.142120902130953 0.119820776851809 0.123349466372195 0.123521546382773 0.056642528785476 0.0380858324830245 0.0570649581753864 0.0683115596384726 0.0650187053719829 0.0700751283153778 0.0661217338731027 0.0691945611883054 0.0635531536808484 0.0624128478247705 0.0642137707513133 0.0632891411725734 0.0647049971009099 0.0656975893987376 0.0646443991623159 -9999 -9999 -9999 -9999 -9999 -9999 -9999 -9999 -9999 -9999 -9999 -9999 -9999 -9999 -9999 -9999 -9999 -9999 -9999 -9999 -9999 -9999 -9999 -9999 -9999 -9999 -9999 -9999 -9999 -9999
0.104145472957441 0.120433188097685 0.109830355268086 0.14214759947606 0.166108801562837 0.145415460495558 0.152479187296027 0.151216846042051 0.168831590189114 0.175722247475293 0.181883391773943 0.154696200810413 0.119615930280995 0.116504145494623 0.132461883496963 0.152592094811161 0.123133961459648 0.0736074545426876 0.0603920020230195 0.0677768968019596 0.0582082511251484 0.0616184772284304 0.0639718062465021 0.0657414344973598 0.0602035963119591 0.0649229931223017 0.0647853488790605 0.0647853488790605 0.0628398517352807 0.0642302266127744 0.0652340625998454 -9999 -9999 -9999 -9999 -9999 -9999 -9999 -9999 -9999 -9999 -9999 -9999 -9999 -9999 -9999 -9999 -9999 -9999 -9999 -9999 -9999 -9999 -9999 -9999 -9999 -9999 -9999 -9999 -9999 -9999
