Webinar-7-31-2019/PredictionGrids_CV_example/preds_0.5_TD150.asc
NCOLS 250 
NROWS 718 
XLLCORNER -2256000 
YLLCORNER 1557000 
CELLSIZE 1000 
NODATA_value -9999 
[rows 675 to 701 of 718, columns 183 to 243 of 250]
0.838541786701406 0.83894328297571 0.81648510025069 0.807728313593907 0.737389888220006 0.807459529220072 0.716165658757533 0.68834875145099 0.600491591088125 0.505074110170042 0.650081978070412 0.720616227853218 0.705501020457366 0.765459478087679 0.683155665820877 0.681525252238546 0.71200595924116 0.635074151599108 0.656309273237807 0.592682834920004 0.367124400114817 0.264890014967399 0.228162538422399 0.245328976016159 0.226296005029402 0.203350157606093 0.205673621707203 0.189413685876893 0.18140134400433 0.176847153412501 0.179570425503823 0.168436453302259 0.164341260497095 0.161580117882098 0.15143663721529 0.1443987634257 0.145595596796802 0.157447119268912 0.140154332513221 0.14173387158963 0.139660716387971 -9999 -9999 -9999 -9999 -9999 -9999 -9999 -9999 -9999 -9999 -9999 -9999 -9999 -9999 -9999 -9999 -9999 -9999 -9999 -9999
0.795417165262443 0.81853747770662 0.809106942424236 0.836803098440657 0.842512660068875 0.839277049413947 0.743675317202576 0.705305816045695 0.593852405203244 0.755362540360501 0.754965987917565 0.734802285489166 0.809900360069727 0.80437111549871 0.722876584626959 0.717811390960263 0.7488196264506 0.677925731498712 0.732181386111599 0.63734458352702 0.457173623545462 0.328845163968323 0.250238323853894 0.216003776694573 0.201607876144087 0.213296687266873 0.216636510323702 0.195845995605996 0.183051622601432 0.180291102071972 0.169907955550558 0.16989208886009 0.167833739681782 0.164267030580973 0.16336507731752 0.164027549543669 0.166662596490702 0.146754609575496 0.138347218182758 0.13379078468758 0.141212979638549 0.156283000054841 -9999 -9999 -9999 -9999 -9999 -9999 -9999 -9999 -9999 -9999 -9999 -9999 -9999 -9999 -9999 -9999 -9999 -9999 -9999
0.64110919281584 0.658847304130501 0.65626488781706 0.790075212086394 0.850243960152745 0.871180594215412 0.851019203764097 0.829712355862777 0.779140457509719 0.776095293423334 0.776939320622832 0.815032108549358 0.825285166957203 0.822966514004285 0.808663057786497 0.736283130999196 0.772554496849488 0.725958384061894 0.713232904109727 0.625734174112817 0.447290093231312 0.288339256165417 0.236748511229059 0.185562649217919 0.185244028910074 0.188733431463287 0.202753245311106 0.198542759255346 0.191497936691326 0.176649840426952 0.173133875112539 0.172813997758952 0.170845700473093 0.172616290260398 0.174413938450162 0.170104194114112 0.24118936610854 0.144088195374758 0.141828580275319 0.120625387500568 0.131450363857554 0.159124613829006 -9999 -9999 -9999 -9999 -9999 -9999 -9999 -9999 -9999 -9999 -9999 -9999 -9999 -9999 -9999 -9999 -9999 -9999 -9999
0.588049595244517 0.656456084853755 0.607694461295685 0.654398350875896 0.655544310106336 0.820837418364711 0.854824253689534 0.911231198173087 0.861859770366099 0.810638883277415 0.806905118663345 0.791374825499462 0.816481648525809 0.830092390274077 0.819963075277248 0.803155356814551 0.782657307695192 0.77012593622912 0.714598005790908 0.642394856010375 0.373034191277486 0.254997926445028 0.231309932349803 0.180783482543638 0.208993295997662 0.180528247851333 0.198291439983485 0.194618997957629 0.18858802337606 0.184227175133542 0.180315175207673 0.178308695699551 0.176574740742097 0.174293780660477 0.180475891372212 0.263714705356682 0.317964429348046 0.257647191506914 0.157822951594004 0.137712328666125 0.151213109716044 -9999 -9999 -9999 -9999 -9999 -9999 -9999 -9999 -9999 -9999 -9999 -9999 -9999 -9999 -9999 -9999 -9999 -9999 -9999 -9999
0.601072132002839 0.669643040576406 0.607377019612012 0.582349979107418 0.66607958275529 0.856195197521644 0.917016313938109 0.93237272842885 0.928019284825522 0.917830790136625 0.920593932924855 0.911456918077656 0.824446954725026 0.793809203011032 0.811268075270908 0.841994577569578 0.831242804226892 0.827515993473211 0.707395077741305 0.500162687707523 0.405622217938804 0.440976323663866 0.469444456927885 0.219159525109812 0.167102966795447 0.207430309920589 0.236599186253022 0.255558001762382 0.193989190409817 0.192886856050671 0.185721480642248 0.184450790024861 0.182006558015207 0.183207405032354 0.177931545465111 0.30935849166124 0.250254250509118 0.165273497236626 0.142091180696888 0.152544416877683 0.166598129669462 -9999 -9999 -9999 -9999 -9999 -9999 -9999 -9999 -9999 -9999 -9999 -9999 -9999 -9999 -9999 -9999 -9999 -9999 -9999 -9999
0.525930583371328 0.602625414567014 0.679901753772724 0.614977051730707 0.646360937063817 0.768442777199831 0.873691694027235 0.92482885141007 0.931703233310667 0.940502430429624 0.93825299085561 0.934799792052784 0.927324642072593 0.845713604928229 0.805238822495472 0.908846962462435 0.912132485341658 0.884742664798451 0.658531007320021 0.39069692026647 0.31084751392449 0.423536695005271 0.410325598980717 0.385368080541998 0.268761405175152 0.203627595470056 0.201895599425996 0.207732552053407 0.20455340030613 0.202055839242729 0.184751741425842 0.182168279631045 0.182636001490257 0.186871638788961 0.182819049244466 0.284840507989002 0.209488708556308 0.174333371613901 0.177338152368169 0.182539618351787 -9999 -9999 -9999 -9999 -9999 -9999 -9999 -9999 -9999 -9999 -9999 -9999 -9999 -9999 -9999 -9999 -9999 -9999 -9999 -9999 -9999
0.448359813356012 0.547116257346312 0.586455691158627 0.575492823317508 0.581655441169951 0.733926827224617 0.84745157846814 0.923312351877847 0.943119939522956 0.941527031927606 0.938860021917011 0.936263426300081 0.931696172238331 0.909771235675705 0.852326520140009 0.834973486625862 0.865676772262412 0.806915124166298 0.634390794711087 0.469568084640139 0.354104390433636 0.376668206014303 0.369420595819559 0.332634263644761 0.255269020785835 0.254200604044499 0.221864377440788 0.217819706418225 0.188763727349879 0.235439722081248 0.218100235464691 0.191353316519976 0.178168321799256 0.186764058979978 0.191980343851709 0.170344957675984 0.196610285228954 0.183137148542092 0.176568267913007 -9999 -9999 -9999 -9999 -9999 -9999 -9999 -9999 -9999 -9999 -9999 -9999 -9999 -9999 -9999 -9999 -9999 -9999 -9999 -9999 -9999 -9999
0.302578880666379 0.357952052952059 0.465751550479885 0.500844542962967 0.56050351635563 0.811575260362885 0.858888852262234 0.907068225522267 0.931991317290304 0.934646959742399 0.936486786969929 0.931627704730932 0.915939034176214 0.830601287379589 0.742345055474904 0.75773159397273 0.688851872843698 0.656244475504043 0.500166274136402 0.438699419797677 0.443124344260117 0.443959416319773 0.410798840947992 0.368535370589141 0.351105361783514 0.310846549155466 0.257477600328617 0.240762588414567 0.191275711565574 0.181262489200084 0.221157646758546 0.215727025846024 0.211582708467714 0.192450505885175 0.16918187634827 0.200446868935996 0.211769739952333 -9999 -9999 -9999 -9999 -9999 -9999 -9999 -9999 -9999 -9999 -9999 -9999 -9999 -9999 -9999 -9999 -9999 -9999 -9999 -9999 -9999 -9999 -9999 -9999
0.331575273594556 0.321538055069012 0.296385657037854 0.390410649006758 0.477566111042077 0.733947719873442 0.795416269771258 0.845770173347705 0.82208670665634 0.854512429517106 0.917982365434439 0.913287340842418 0.86281388668895 0.727622963411001 0.641647271640006 0.61964526124575 0.650133415724878 0.619305687643223 0.413028363807261 0.373495169339036 0.445943861926592 0.352803286555115 0.415016774295234 0.467970554058064 0.448604504398955 0.360535553830905 0.30710876079018 0.230429114585679 0.215594669904504 0.224268922554965 0.216704848985478 0.233208778628499 0.222740420043855 0.189189889044989 0.213495021190513 0.212706649248584 -9999 -9999 -9999 -9999 -9999 -9999 -9999 -9999 -9999 -9999 -9999 -9999 -9999 -9999 -9999 -9999 -9999 -9999 -9999 -9999 -9999 -9999 -9999 -9999 -9999
0.301251555423354 0.279280248404314 0.330353426398192 0.352884776421867 0.598087619138103 0.682955962454728 0.745859631579723 0.830374987353237 0.848204831390069 0.791437918920932 0.782478884750525 0.77176227655491 0.68763990745706 0.714817398712007 0.711379632130727 0.651547274162956 0.617807806687929 0.476638822380629 0.421588304039286 0.380704892020539 0.402343141879008 0.417168550969393 0.368257516566712 0.354148721824088 0.425400616365095 0.391782396095345 0.380262678465472 0.3082444282392 0.226947389822094 0.22378616343606 0.249822739223151 0.239908445907568 0.227972614639275 0.236480035013195 -9999 -9999 -9999 -9999 -9999 -9999 -9999 -9999 -9999 -9999 -9999 -9999 -9999 -9999 -9999 -9999 -9999 -9999 -9999 -9999 -9999 -9999 -9999 -9999 -9999 -9999 -9999
0.589140636198825 0.508007387881253 0.513379926774012 0.556685690887085 0.564122838418302 0.561258997673572 0.62349741837701 0.723741672553493 0.729584840700041 0.772336955916611 0.757810284459884 0.729372780132909 0.739435398712781 0.635207129723428 0.668532127284199 0.656455036153073 0.458757690278454 0.379916395287214 0.354337753254384 0.3484843577584 0.380325480387503 0.421655302155035 0.317304905683368 0.357590038469569 0.359297666462088 0.405584352748513 0.491294975622844 0.481787872150345 0.396921199738329 0.257534755838807 0.25948058007251 0.282499360566919 0.258415015914206 0.238779872883291 -9999 -9999 -9999 -9999 -9999 -9999 -9999 -9999 -9999 -9999 -9999 -9999 -9999 -9999 -9999 -9999 -9999 -9999 -9999 -9999 -9999 -9999 -9999 -9999 -9999 -9999 -9999
0.656159432454608 0.543744686004185 0.557240242319221 0.554273816318921 0.553323573261282 0.482004600283433 0.546846402270439 0.589315908860151 0.564993184415177 0.732734994203649 0.743347963625198 0.620845015992172 0.686368433702772 0.545445255067988 0.631238098143646 0.528227790106505 0.558703330321431 0.411286522717233 0.433158589315247 0.42655848646465 0.4089690774367 0.398677193615429 0.389240646069847 0.400350190829145 0.400236483967161 0.407272599467306 0.495178182432288 0.390574835066292 0.345093009072659 -9999 -9999 0.291916682807437 0.281154453519612 0.289397766526295 0.283532570517446 -9999 -9999 -9999 -9999 -9999 -9999 -9999 -9999 -9999 -9999 -9999 -9999 -9999 -9999 -9999 -9999 -9999 -9999 -9999 -9999 -9999 -9999 -9999 -9999 -9999 -9999
0.629541984781177 0.612052255346191 0.588373844091456 0.549820884349302 0.543327859710247 0.541614713708258 0.535589362007426 0.511281475734091 0.520802572977373 0.632947076528403 0.511307965774899 0.517946892727715 0.571050860575811 0.528850244891861 0.566459393720248 0.480692516453966 0.500155503899925 0.501042537559526 0.420214809087435 0.448493479544793 0.435310267091874 0.512316090685112 0.412896835832722 0.448076559626967 0.42050374088024 0.406570985846922 0.390168232374584 0.457182720910602 0.278817385949069 0.297793082289666 0.301919389152936 0.28261363704459 -9999 -9999 -9999 -9999 -9999 -9999 -9999 -9999 -9999 -9999 -9999 -9999 -9999 -9999 -9999 -9999 -9999 -9999 -9999 -9999 -9999 -9999 -9999 -9999 -9999 -9999 -9999 -9999 -9999
0.564647691858264 0.569915773816288 0.551272781160793 0.604953410009456 0.592564294688238 0.533642769241463 0.528582833128657 0.529260078925729 0.529505230175119 0.517622279737342 0.53754881436806 0.539019879378145 0.530880500803513 0.55099465101018 0.525583624857401 0.52309008778676 0.515385682155168 0.502929729362592 0.471771915782609 0.419216694028835 0.446543275249745 0.52147751478875 0.500375036443985 0.484830364002485 0.465370549569442 0.405712250192392 0.40026748671185 0.363958987607687 0.289169910066997 0.291632189686704 0.316288264303169 0.298574765785051 -9999 -9999 -9999 -9999 -9999 -9999 -9999 -9999 -9999 -9999 -9999 -9999 -9999 -9999 -9999 -9999 -9999 -9999 -9999 -9999 -9999 -9999 -9999 -9999 -9999 -9999 -9999 -9999 -9999
0.553109779981343 0.567672045554692 0.555119460038568 0.569396169537554 0.621289000419102 0.596332478582106 0.523305466955211 0.530444548067359 0.52498924825364 0.529370904595998 0.526891746313525 0.529584260325177 0.527875719450455 0.564330127373877 0.561130264634304 0.585220873146487 0.548151826552225 0.498600793618396 0.48904198989022 0.491727405880159 0.470801118576977 0.498143125333392 0.511846348488978 0.5165765995373 0.488008960502289 0.474390626317405 0.456346186589252 0.372923192104695 0.292709312015236 0.261030454269295 0.344120360973153 0.326465962129423 -9999 -9999 -9999 -9999 -9999 -9999 -9999 -9999 -9999 -9999 -9999 -9999 -9999 -9999 -9999 -9999 -9999 -9999 -9999 -9999 -9999 -9999 -9999 -9999 -9999 -9999 -9999 -9999 -9999
0.556187014472271 0.559083185714725 0.595752365832953 0.563272982997114 0.580845619176989 0.566887019645454 0.554209033565125 0.517708770719809 0.520012319994488 0.529226089322844 0.531204231444254 0.53439228691202 0.531671383381346 0.558249206286392 0.550985783297019 0.560171332969244 0.583542072338141 0.529839121248218 0.498524830513369 0.425570668310527 0.422484342054987 0.504308978097724 0.492453413843389 0.566193240394772 0.480650767852642 0.486914939518392 0.474282053505488 0.422290676587278 0.335169251760004 0.270076024639434 0.35250371055264 0.345580223104266 -9999 -9999 -9999 -9999 -9999 -9999 -9999 -9999 -9999 -9999 -9999 -9999 -9999 -9999 -9999 -9999 -9999 -9999 -9999 -9999 -9999 -9999 -9999 -9999 -9999 -9999 -9999 -9999 -9999
0.508890101858354 0.556363357562315 0.505425189499566 0.460945922825406 0.559365700378161 0.559645398743239 0.579907039939527 0.575008180435035 0.514770094290062 0.562400409538494 0.55955974315872 0.573386961796822 0.596799656893359 0.5984570686248 0.571176964130089 0.562322157006112 0.580791658557976 0.537401118814572 0.525621477489918 0.500673251910573 0.507706915027769 0.528251909964323 0.510847197957648 0.55576238472174 0.547876718760095 0.497049608900529 0.491250931040728 0.378400092095216 0.392323700383953 0.378101115607461 0.317298234729895 0.360811865298733 0.316673354089087 -9999 -9999 -9999 -9999 -9999 -9999 -9999 -9999 -9999 -9999 -9999 -9999 -9999 -9999 -9999 -9999 -9999 -9999 -9999 -9999 -9999 -9999 -9999 -9999 -9999 -9999 -9999 -9999
0.514627941721998 0.500702459767922 0.413484190192825 0.448154204629395 0.569229298530151 0.549906795838103 0.547363631700889 0.521912984158658 0.491082322336963 0.506469065609898 0.56497109050717 0.542515909424836 0.568600233829719 0.564548710716695 0.565997609560777 0.578894364202113 0.551078602715562 0.537097476849211 0.501870421413173 0.436464159127687 0.422060611385284 0.518605749432787 0.590063207959484 0.535767768084418 0.53146701927139 0.507650455888054 0.540899550010586 0.423336179311428 0.405598576390896 0.404965683353834 0.361937572407586 0.32577373818281 0.3497684588601 0.344156465644569 0.327540675582138 -9999 -9999 -9999 -9999 -9999 -9999 -9999 -9999 -9999 -9999 -9999 -9999 -9999 -9999 -9999 -9999 -9999 -9999 -9999 -9999 -9999 -9999 -9999 -9999 -9999 -9999
0.492023760082574 0.407274382349235 0.399625367024192 0.438173256714038 0.447872996596082 0.405087797605462 0.484517649239457 0.45841446737295 0.456525711491153 0.473151940758101 0.410066863196576 0.445520173410445 0.486233798017796 0.564430532463551 0.559131183457672 0.584025419320029 0.586376616120906 0.530321787899046 0.522294828732962 0.421800046811648 0.413329769687314 0.408984820190583 0.543731891581264 0.477713768225011 0.479867953105728 0.556577611324548 0.483095513310623 0.41700447453915 0.508360453825333 0.414092818735726 0.381387354269141 0.369771371354443 0.334079290722234 0.327534768080394 0.342153385389247 0.318803216732118 -9999 -9999 -9999 -9999 -9999 -9999 -9999 -9999 -9999 -9999 -9999 -9999 -9999 -9999 -9999 -9999 -9999 -9999 -9999 -9999 -9999 -9999 -9999 -9999 -9999
0.439155029693554 0.424989896756154 0.447601093204897 0.447155382732622 0.453864243183996 0.454544861903205 0.458867044762085 0.456477639849131 -9999 -9999 -9999 0.43084716485373 0.455789016641096 0.453917399826793 0.535303740086992 0.580897102221125 0.541694013706614 0.524036696559726 0.516730468758995 0.411257525487448 0.406523522445892 0.412536739637832 0.550293913890456 0.449900708142859 0.465037990699319 0.550867630626196 0.431541288879341 0.484277685891887 0.498287858071986 0.406545446646245 0.382534986468186 0.426404276151952 0.416237285145582 0.357037139489544 -9999 0.285025325348546 0.316340514524932 -9999 -9999 -9999 -9999 -9999 -9999 -9999 -9999 -9999 -9999 -9999 -9999 -9999 -9999 -9999 -9999 -9999 -9999 -9999 -9999 -9999 -9999 -9999 -9999
-9999 0.444203277958224 0.451419524003414 0.446394563969173 0.438594929300981 0.446673930975225 0.448842314315289 0.45886749100481 -9999 -9999 -9999 -9999 0.468185019761864 0.477236094106766 0.434526053449205 0.495064288824742 0.538545464480718 0.531218275600722 0.50536041162329 0.412295301823393 0.423215338957563 0.517692266968088 0.494529011494855 0.403761692850954 0.438651666819501 0.546957119239998 0.433071630941567 0.390032768340733 0.422158907707874 0.403518101924931 0.380789338048115 0.425622421486352 0.426671881292955 0.411084226657897 -9999 -9999 0.297489001083985 0.297217608683548 -9999 -9999 -9999 -9999 -9999 -9999 -9999 -9999 -9999 -9999 -9999 -9999 -9999 -9999 -9999 -9999 -9999 -9999 -9999 -9999 -9999 -9999 -9999
-9999 -9999 -9999 -9999 -9999 0.443846155256749 0.448656377543172 0.450072721204641 0.437746114755687 0.403312638233741 0.41067683622839 -9999 0.445018857229269 0.384450958951837 0.392251504213675 0.399324938605134 0.536067303000235 0.529360639077443 0.425046166707303 0.432165653044367 0.428307048333518 0.428234468774497 0.433475825557121 0.408393962551429 0.410342450779676 0.463218837748568 0.393750811037277 0.398183668457576 0.39174238558189 0.368014726650313 0.388765730818231 0.427406457264964 0.427759743440729 0.385836756852864 -9999 -9999 -9999 -9999 -9999 -9999 -9999 -9999 -9999 -9999 -9999 -9999 -9999 -9999 -9999 -9999 -9999 -9999 -9999 -9999 -9999 -9999 -9999 -9999 -9999 -9999 -9999
-9999 -9999 -9999 -9999 -9999 -9999 -9999 -9999 -9999 0.401956640315966 0.399244798876902 0.411505411287736 0.427908951097067 0.400612593033139 0.392945297475228 0.390477522935481 0.508074367765394 0.534194648441713 0.457217187641833 0.425452508649364 0.428266366871457 0.41740258910779 0.412029342550137 0.407961319589869 0.407417693712334 0.419625830001832 0.40090709556536 0.391559624743414 0.372877586590067 0.366919829939634 0.367066525749369 0.374514870896552 0.386951666129563 0.38038942983611 0.363397096533125 -9999 -9999 -9999 -9999 -9999 -9999 -9999 -9999 -9999 -9999 -9999 -9999 -9999 -9999 -9999 -9999 -9999 -9999 -9999 -9999 -9999 -9999 -9999 -9999 -9999 -9999
-9999 -9999 -9999 -9999 -9999 -9999 -9999 -9999 -9999 -9999 0.410663891888374 0.444737394430935 0.404782260259448 0.386102187821356 0.392732490006705 0.390747717053766 0.398045299917897 0.43956282387614 0.423782849513607 0.427431159389377 0.426152476357393 0.422997966650439 0.416333224228345 0.412256749972755 0.40837966581703 0.399100540595856 0.403481504488127 0.395225314255495 0.380914718996482 0.38045535557392 0.361160785752292 0.363785682798601 0.369776481160942 0.369260347005178 0.377853799838812 -9999 -9999 -9999 -9999 -9999 -9999 -9999 -9999 -9999 -9999 -9999 -9999 -9999 -9999 -9999 -9999 -9999 -9999 -9999 -9999 -9999 -9999 -9999 -9999 -9999 -9999
-9999 -9999 -9999 -9999 -9999 -9999 -9999 -9999 -9999 -9999 0.415614109188286 0.421997228051105 0.431768512024468 0.389381760460333 0.390265526652459 0.396481531786905 0.383639703976091 0.398689489482553 0.39756347733333 0.444352511621483 0.425928887543197 0.423118304657216 0.417463898807846 0.418987978392018 0.396883299063232 0.400541249050313 0.406143514524517 0.395766115082804 0.40206569296626 0.383037538250555 0.360814350888355 0.376038135070729 0.375895390749299 0.375277976071435 0.375227295405198 -9999 -9999 -9999 -9999 -9999 -9999 -9999 -9999 -9999 -9999 -9999 -9999 -9999 -9999 -9999 -9999 -9999 -9999 -9999 -9999 -9999 -9999 -9999 -9999 -9999 -9999
-9999 -9999 -9999 -9999 -9999 -9999 -9999 -9999 -9999 -9999 0.433959298963064 0.412078582057282 0.383666790760441 0.414514575245347 0.403127348066558 0.394987226732562 0.397160499909483 0.405307925152193 0.416125254897815 0.414686793111152 0.40734475576996 0.420755434322723 0.411486151079917 0.403090292625648 0.390985051415309 0.394474167596899 0.42458572138153 0.385848919680075 0.378361824334798 0.374890501246283 0.36049363291498 0.372060296416694 0.365795282821422 -9999 -9999 -9999 -9999 -9999 -9999 -9999 -9999 -9999 -9999 -9999 -9999 -9999 -9999 -9999 -9999 -9999 -9999 -9999 -9999 -9999 -9999 -9999 -9999 -9999 -9999 -9999 -9999
-9999 -9999 -9999 -9999 -9999 -9999 -9999 -9999 -9999 -9999 -9999 0.413013467373693 0.407711299490413 0.381062758165156 0.418323833088984 0.434062007448325 0.380774606765447 0.38698859828355 0.390533493797312 0.380549240417015 0.37365647507803 0.41873558165175 0.425999896626307 0.416851675552941 0.381619246168515 0.376639789370791 0.504048197328031 0.40618628650242 0.415751923935255 0.419975981309379 0.406685344066602 -9999 -9999 -9999 -9999 -9999 -9999 -9999 -9999 -9999 -9999 -9999 -9999 -9999 -9999 -9999 -9999 -9999 -9999 -9999 -9999 -9999 -9999 -9999 -9999 -9999 -9999 -9999 -9999 -9999 -9999
