Webinar-7-31-2019/PredictionGrids_CV_example/preds_0.5_TD150.asc
NCOLS 250 
NROWS 718 
XLLCORNER -2256000 
YLLCORNER 1557000 
CELLSIZE 1000 
NODATA_value -9999 
[rows 540 to 566 of 718, columns 183 to 243 of 250]
0.169348967039609 0.256521960161482 0.209205177362406 0.104646924890177 0.0941919850114095 0.0840860064772199 0.0785856371374674 0.0578123591084752 0.0801249699890542 0.076139732117497 0.0781814796180649 0.0800386244617818 0.0902423360424634 0.0786101276253332 0.0732346412739373 0.072638640660131 0.0359778136579946 0.0661399012230738 0.0845230033022905 0.113836053036565 0.103105996162589 0.0761874699696296 0.0838454906535502 0.08881638255513 0.081462972169562 0.0362641248690545 0.0374326492203977 0.0526255068218881 0.0492073298252257 0.0486465280424419 0.0505543950008987 0.0540986412377538 0.0498328247001045 0.0505664757983978 0.055068975364807 -9999 -9999 -9999 -9999 -9999 -9999 -9999 -9999 -9999 -9999 -9999 -9999 -9999 -9999 -9999 -9999 -9999 -9999 -9999 -9999 -9999 -9999 -9999 -9999 -9999 -9999
0.170640388889983 0.215999096392998 0.201771401810967 0.122659592353113 0.088633469672221 0.0781635308882576 0.0746639784020907 0.0624468102476301 0.0780133892321772 0.078262510225041 0.106783288174779 0.0896545245997487 0.0826680605328626 0.083331383971174 0.0825439124271952 0.0771917761739662 0.0760662853161534 0.0853628696892582 0.0881399214105652 0.0929198083107915 0.13193928032814 0.0944058040200942 0.104200627786925 0.107190102257976 0.0891416074056078 0.0695340700927604 0.0544756628650177 0.047983001400326 0.0506370052265548 0.0456408371664025 0.0505289616510223 0.0555287983099253 0.0522479783412485 -9999 -9999 -9999 -9999 -9999 -9999 -9999 -9999 -9999 -9999 -9999 -9999 -9999 -9999 -9999 -9999 -9999 -9999 -9999 -9999 -9999 -9999 -9999 -9999 -9999 -9999 -9999 -9999
0.161586999799509 0.176533763916429 0.172305202287783 0.132162233295368 0.140121024461879 0.111630439346852 0.0678430293699614 0.073352800909507 0.0935081414451062 0.0874237410632036 0.095254897804722 0.0734230614637385 0.044891661273095 0.044850673031435 0.0627986671915455 0.0778066892107571 0.0739772074926927 0.08728158456383 0.0860552937096676 0.0764745344747962 0.0880423127794962 0.0972687761009902 0.134335390042759 0.0821992593245893 0.0960629005913425 0.0955347094274149 0.0995205231960648 0.0827127352956953 0.0488510845080349 0.0514037804067899 0.0521292913380183 0.0577194051040625 -9999 -9999 -9999 -9999 -9999 -9999 -9999 -9999 -9999 -9999 -9999 -9999 -9999 -9999 -9999 -9999 -9999 -9999 -9999 -9999 -9999 -9999 -9999 -9999 -9999 -9999 -9999 -9999 -9999
0.132394893510875 0.1594178374751 0.156287033432295 0.146255016742155 0.120628927898667 0.111728620060607 0.0464756945030344 0.0486531992103263 0.05265655842013 0.0469244110976842 0.0840986948108381 0.0952463138576207 0.0705974962379114 0.0424381152847715 0.0431978591561312 0.0551322469793381 0.047472630161194 0.0486697897950029 0.0477676514040385 0.0426521038340414 0.08303859142306 0.0774170554226593 0.0831236657484077 0.100849493035617 0.0967130655684098 0.0918804318458042 0.0899331708908533 0.0865960583646456 0.0755989948578865 0.0794701273779035 0.0466092606385895 0.0582498922742238 -9999 -9999 -9999 -9999 -9999 -9999 -9999 -9999 -9999 -9999 -9999 -9999 -9999 -9999 -9999 -9999 -9999 -9999 -9999 -9999 -9999 -9999 -9999 -9999 -9999 -9999 -9999 -9999 -9999
0.15725527924252 0.062132704960125 0.165208478267029 0.128027072380493 0.105930310379655 0.0988285114606103 0.045878462122151 0.0457863678671299 0.0426468334342104 0.0460075191587302 0.0434183927397712 0.0667428793301253 0.0807806592566483 0.0437752370388054 0.0449628822591623 0.0454636110502758 0.0405285358738763 0.0399712136138348 0.0441085863093236 0.0443235443915776 0.0411054582601523 0.0682905421832627 0.0801964579768864 0.109317457623703 0.0999608549427223 0.0858289127579553 0.0818653770191484 0.0920845001443115 0.0925991224035404 0.0872851253602021 0.0882256183940137 -9999 -9999 -9999 -9999 -9999 -9999 -9999 -9999 -9999 -9999 -9999 -9999 -9999 -9999 -9999 -9999 -9999 -9999 -9999 -9999 -9999 -9999 -9999 -9999 -9999 -9999 -9999 -9999 -9999 -9999
0.0614601870969643 0.0569924742383889 0.0734707217324282 0.0980469005887226 0.100512698431876 0.0715685178034722 0.046367967054394 0.0443145027290855 0.0453883068958838 0.0436328251917507 0.0462466060586522 0.055889733952334 0.0509544560494462 0.0419992060459744 0.0379716823855306 0.0372975712006537 0.036990786521315 0.0385017566981084 0.0408370299650554 0.0421204941468677 0.0399607133020421 0.0364581155410428 0.0553976589561924 0.0730166983629914 0.100486845158286 0.0953637624948792 0.126362030285496 0.140434720367426 0.132176039607944 0.11022908027115 0.122835645253439 -9999 -9999 -9999 -9999 -9999 -9999 -9999 -9999 -9999 -9999 -9999 -9999 -9999 -9999 -9999 -9999 -9999 -9999 -9999 -9999 -9999 -9999 -9999 -9999 -9999 -9999 -9999 -9999 -9999 -9999
0.105580880657339 0.130788928700952 0.123078538464148 0.105448897589129 0.0899071011616148 0.0564658500618615 0.041261094656786 0.0403646216371949 0.0405949518059129 0.0384642975172082 0.0369554481166014 0.035189334579923 0.0350562210839189 0.0381160727316631 0.0373901754270432 0.0398667862373109 0.0397194485609001 0.0371716022382179 0.039955348737068 0.0394395742474657 0.0394388711550225 0.0391357693726581 0.0420703272511694 0.0397990440905379 0.0407502517485403 0.0413279938753984 0.0776692105662234 0.0947967751771211 0.0884597566110288 0.0925747340617978 0.115672046351599 0.115666386568834 -9999 -9999 -9999 -9999 -9999 -9999 -9999 -9999 -9999 -9999 -9999 -9999 -9999 -9999 -9999 -9999 -9999 -9999 -9999 -9999 -9999 -9999 -9999 -9999 -9999 -9999 -9999 -9999 -9999
0.144785972059352 0.153474619409185 0.146099247506739 0.140266949767514 0.112148181194023 0.0581105781155711 0.0462585091622546 0.0394900676658514 0.0368621530219783 0.0356103404866762 0.0361925791410986 0.0367003817992443 0.037231804617973 0.0400854087621903 0.0424292399551611 0.043194776550291 0.0425353127179088 0.0404694604410522 0.0398914059314465 0.0445940229646797 0.0404631052298102 0.0405151868720457 0.0452317238235453 0.0432576340562662 0.0434324202292684 0.0748749843719508 0.0740417607342053 0.0937852135349437 0.131792371022527 0.106325436194222 0.0827440536256865 0.0677907203696682 0.0812067236963363 0.130924460917605 -9999 -9999 -9999 -9999 -9999 -9999 -9999 -9999 -9999 -9999 -9999 -9999 -9999 -9999 -9999 -9999 -9999 -9999 -9999 -9999 -9999 -9999 -9999 -9999 -9999 -9999 -9999
0.143226182380631 0.131553482341728 0.116186682266695 0.10983187172263 0.0929931735442476 0.0462922672222901 0.0416419967172394 0.0382449713826084 0.0377711151818908 0.0381326690268839 0.0376994479850425 0.0465426640843439 0.0412661625405822 0.0397560888668198 0.0363123095571067 0.0354462701442322 0.0400856998804547 0.0400325413246529 0.039898158087433 0.045026181797415 0.0449447314042474 0.0766565600577184 0.0765451934738494 0.0765464757197609 0.0836708137488107 0.0761104049627663 0.0514617357825311 0.0608970658644475 0.0404347123106477 0.0468853696903738 0.0492957620233732 0.129049356846939 0.173982265674265 0.102691643228996 -9999 -9999 -9999 -9999 -9999 -9999 -9999 -9999 -9999 -9999 -9999 -9999 -9999 -9999 -9999 -9999 -9999 -9999 -9999 -9999 -9999 -9999 -9999 -9999 -9999 -9999 -9999
0.142301493536784 0.0686613674017976 0.065095938765922 0.0843357016992258 0.0497087697073775 0.0539796740263461 0.043451048943436 0.0419434149546218 0.0423926166300788 0.0412581644763452 0.0380012545839761 0.0404153073509365 0.0375021472540765 0.047806108536891 0.0367915097296775 0.0370292134153977 0.0409385074404832 0.0367009097519044 0.0756754025230586 0.0839748153107178 0.0823609157761643 0.0767367355467278 0.0664321295356262 0.0612619175536815 0.0501814291330767 0.0636672059401727 0.0591853479472803 0.059825261696341 0.0724879018416027 0.101380350957009 0.154831596579551 0.164679273427781 0.188643369327079 0.0894543845018306 0.0560093930757142 0.0685188068154855 -9999 -9999 -9999 -9999 -9999 -9999 -9999 -9999 -9999 -9999 -9999 -9999 -9999 -9999 -9999 -9999 -9999 -9999 -9999 -9999 -9999 -9999 -9999 -9999 -9999
0.151987295462346 0.11603786539203 0.0592488878454588 0.0443145488584016 0.0619205910050913 0.0811163128544752 0.0408891924445339 0.0408598219182715 0.0402939143684231 0.0379166111178904 0.037458078706756 0.0400183479200374 0.0381393863083267 0.036669625629776 0.0596719340166898 0.0369713416165811 0.0365063924107823 0.0364439171068914 0.0756551886126155 0.0698266612099864 0.0848563119762992 0.05243076056712 0.0638994669104967 0.0660132020210402 0.0643040928962183 0.0638341032634739 0.0369406172384339 0.0382225115299872 0.0417201441548516 0.0598093490357504 0.122018634131903 0.0651252072704009 0.051946548982734 0.0580030067734316 0.0607543742424658 0.0689481582170398 -9999 -9999 -9999 -9999 -9999 -9999 -9999 -9999 -9999 -9999 -9999 -9999 -9999 -9999 -9999 -9999 -9999 -9999 -9999 -9999 -9999 -9999 -9999 -9999 -9999
0.140052312901042 0.0693919964182273 0.0495096377361561 0.0415741291042479 0.0441446013354371 0.0555202924596647 0.0417886553956009 0.0414018866023417 0.0390639344322826 0.0389325517770243 0.0413135900650145 0.0362899123548702 0.038149809597381 0.0373542080904811 0.0364265403438956 0.0698729799725762 0.0613249880192255 0.043744718073102 0.0714915190020196 0.0693141014044829 0.0781468421877835 0.0697637925104247 0.0672627881476484 0.0578970999241624 0.0365727002523837 0.0365882079511962 0.0367912527768252 0.0378976383454587 0.0591242753443869 0.0643817829149303 0.0536824681849328 0.054570818564892 0.0603361071835258 0.050651847479339 0.0481286252109444 0.0669084651516281 0.0758073184774175 -9999 -9999 -9999 -9999 -9999 -9999 -9999 -9999 -9999 -9999 -9999 -9999 -9999 -9999 -9999 -9999 -9999 -9999 -9999 -9999 -9999 -9999 -9999 -9999
0.101561022808293 0.0462183817101522 0.0434320952196456 0.0435024275956402 0.0426527211951506 0.0410302529099342 0.0396846823770096 0.0402271983572076 0.038734677402581 0.0418822454376153 0.0375057521733656 0.0415014920590426 0.0384910913053292 0.0447949549273005 0.045958684520114 0.0897980237582797 0.0482266749791181 0.0406633355687299 0.0528937744256225 0.0571548970490014 0.0405872861275755 0.039151426887874 0.0381950313181432 0.0377455476717884 0.0363574535627435 0.0363250876210953 0.0374976119134871 0.0666998680136083 0.0745904897663119 0.0396568126954402 0.0568887323641523 0.0477468078790513 0.053988428399419 0.0669558207734879 0.0638039941110562 0.0705742215115617 0.0810308874668532 -9999 -9999 -9999 -9999 -9999 -9999 -9999 -9999 -9999 -9999 -9999 -9999 -9999 -9999 -9999 -9999 -9999 -9999 -9999 -9999 -9999 -9999 -9999 -9999
0.0500989097666041 0.0464527398893672 0.0603117057688387 0.0576563190010385 0.0416587860517124 0.0558566724972353 0.0401613286201934 0.0412518941313645 0.0385964757445113 0.0382580741249313 0.0412563077045503 0.0498386524921497 0.0360756435634682 0.0352649380132001 0.0393562772595538 0.0410311395025368 0.0385017455292151 0.0390734449581823 0.0389549344865382 0.0403530992314858 0.0378583141263383 0.037738983675306 0.0380520439819193 0.0417348656603866 0.0427259234154408 0.0555716177268561 0.0750788508466998 0.0680941779421339 0.038088034184614 0.0507874647897896 0.0451513422206022 0.0498782737457593 0.0513816256510902 0.0559341212735378 0.0632848958621606 0.0766210484918032 0.0824917947960805 -9999 -9999 -9999 -9999 -9999 -9999 -9999 -9999 -9999 -9999 -9999 -9999 -9999 -9999 -9999 -9999 -9999 -9999 -9999 -9999 -9999 -9999 -9999 -9999
0.123257780319054 0.0958002698358259 0.100685563205605 0.0948197505389683 0.0582944195470584 0.0413915387359378 0.0392451169056873 0.0388862084921454 0.0445964126539515 0.0382359400050348 0.0367138473463756 0.0385309497153471 0.0371461078455188 0.0376643622660851 0.0390188230052822 0.0391686683817719 0.0388249905729939 0.0410202661019902 0.0399402392800861 0.0389519500824088 0.0674343014114741 0.0710776872521269 0.0753357244106618 0.0743134572966638 0.069998647242318 0.0716177002383171 0.0688972339287308 0.0477517157080959 0.04623806132496 0.0459636899058233 0.0475341704955917 0.0490803228550836 0.0506918469027394 0.0571742759914096 0.0651991074150519 0.0657767084547047 -9999 -9999 -9999 -9999 -9999 -9999 -9999 -9999 -9999 -9999 -9999 -9999 -9999 -9999 -9999 -9999 -9999 -9999 -9999 -9999 -9999 -9999 -9999 -9999 -9999
0.14761383877486 0.134823009965233 0.130642168407031 0.121695908199959 0.0614587276390681 0.0421612197288276 0.045458596891448 0.0416447899966775 0.0523982613291155 0.039069862762246 0.0378248926780696 0.0383454481324798 0.0426414660409876 0.0597410644770315 0.0627312897047932 0.0507458884708034 0.0438546367525884 0.0439140122593225 0.0405139282891124 0.0354766728545158 0.0410569253008378 0.0671876900405903 0.0581113077636961 0.0401506547751157 0.0382207929947484 0.0384426035384544 0.0386770816554095 0.0369492371950473 0.0478631158068592 0.0453538336386673 0.0482843736743564 0.0694041689748972 0.0447391699252659 0.0528625719949749 0.0560150044212087 0.0635818065336442 -9999 -9999 -9999 -9999 -9999 -9999 -9999 -9999 -9999 -9999 -9999 -9999 -9999 -9999 -9999 -9999 -9999 -9999 -9999 -9999 -9999 -9999 -9999 -9999 -9999
0.151650747065478 0.135303961783602 0.158167088862482 0.11678671951264 0.0523704399530494 0.058881429234579 0.0587906689943729 0.0582949528021867 0.0543526731287084 0.0384903546475224 0.0398786596980307 0.0474835106691307 0.0597262162420306 0.0608574371923232 0.0503195197968792 0.0466100479241572 0.0483406610711359 0.0479989372585831 0.035889205333404 0.0400566645656811 0.0405239522973414 0.0390788167818859 0.0397154775272261 0.0394737167772426 0.038715923858219 0.0386273884509761 0.0442764134518434 0.0456547806271862 0.046114816138178 0.0470523229515235 0.0482141800939028 0.0478476960106801 0.0486993337705976 0.0549419071764112 0.0573536952434823 0.0592948000345511 -9999 -9999 -9999 -9999 -9999 -9999 -9999 -9999 -9999 -9999 -9999 -9999 -9999 -9999 -9999 -9999 -9999 -9999 -9999 -9999 -9999 -9999 -9999 -9999 -9999
0.155931347499118 0.11792043933837 0.127547040371575 0.0633584097934743 0.0631377742326733 0.0587586877542918 0.0572858091565177 0.0567745774315732 0.0561186773498353 0.0412287331605621 0.0411763021899927 0.050911583904545 0.0636565926974522 0.0615078067546958 0.0628373296822209 0.0565589800198036 0.0486367020736658 0.0481662703446734 0.0472087879344428 0.0470617011068937 0.0415764754636638 0.0391869270512397 0.039226172288239 0.0383879975512758 0.0388799868093325 0.0394676460503776 0.0396466601872648 0.0458406221513366 0.043528315163089 0.0485349415289694 0.0491851294107944 0.0406776931572673 0.0520122852734639 0.0569258244436837 0.0613922936776021 0.0693274651600737 0.0860032912176282 0.22222143304732 -9999 -9999 -9999 -9999 -9999 -9999 -9999 -9999 -9999 -9999 -9999 -9999 -9999 -9999 -9999 -9999 -9999 -9999 -9999 -9999 -9999 -9999 -9999
0.147980038184537 0.135847441030031 0.0606818672471147 0.0577339590661559 0.0574822425218833 0.0599843980609361 0.058761888405701 0.0576605907621695 0.061971848401973 0.0592595759997861 0.0487297916282771 0.0676294051002824 0.0636881167146225 0.0623905093365337 0.0628466774745132 0.0532197945624782 0.0488081821827219 0.0484437394799401 0.0479011653837541 0.047192169841431 0.0395693188729501 0.0393768861794709 0.0556951668893886 0.0397470156538671 0.0388843165002371 0.0401801962928521 0.0422577093492612 0.0422064002835882 0.0467809520291442 0.0463163632174559 0.0491467636671191 0.0523102308611657 0.0562325096397367 0.0565662190825033 0.0565902748408652 0.0726270873539849 0.0842808722919033 0.244422820928448 -9999 -9999 -9999 -9999 -9999 -9999 -9999 -9999 -9999 -9999 -9999 -9999 -9999 -9999 -9999 -9999 -9999 -9999 -9999 -9999 -9999 -9999 -9999
0.0865165905301956 0.0693974217598612 0.0611947644270501 0.0591648096760969 0.0576047853707504 0.0595317369671281 0.0584726213156773 0.0589402891968143 0.0587299381215418 0.0637097785679247 0.0602901955910699 0.0437594562705583 0.0648038868409997 0.0645280591705932 0.0635778306267765 0.0482153629554279 0.0428853969754664 0.0474353900045219 0.0473642555246089 0.0653237095625507 0.0378630043223518 0.0360130482131739 0.0496825713839059 0.0409361463876068 0.0385750121636351 0.0410050984283836 0.0411227714167275 0.0406933907890541 0.0507095227015186 0.0487295134538785 0.0566222720522651 0.055384018190258 0.0600863711718856 0.0696146997047486 0.0668280196428195 0.0661954524693831 0.0787259852870083 -9999 -9999 -9999 -9999 -9999 -9999 -9999 -9999 -9999 -9999 -9999 -9999 -9999 -9999 -9999 -9999 -9999 -9999 -9999 -9999 -9999 -9999 -9999 -9999
0.0853844357214222 0.0711125289167005 0.0619790159691816 0.0614892611767838 0.0614822160324407 0.0612637527114095 0.0582403085066825 0.0567208015408177 0.056679154635742 0.0601733337349942 0.0645634134335799 0.0398497019247448 0.0512080630110539 0.0657326096691215 0.0698222326083245 0.0498640299959049 0.0511399223382413 0.0499574131820586 0.0834315472541763 0.0593880235246403 0.0398626811644504 0.0372321992491753 0.0550367644312146 0.0453138462086041 0.0412568030643096 0.0625796484995021 0.0417297098930242 0.0476764728010659 0.051931450993002 0.0486823260208098 0.0920409979143469 0.0501353910687619 0.0616972414049937 0.0664512495991547 0.0673694895873823 0.0661338647503163 0.0666332757462446 -9999 -9999 -9999 -9999 -9999 -9999 -9999 -9999 -9999 -9999 -9999 -9999 -9999 -9999 -9999 -9999 -9999 -9999 -9999 -9999 -9999 -9999 -9999 -9999
0.124127541187906 0.146385170258566 0.108709464561761 0.0619167579955776 0.108837425172292 0.0655751219333494 0.0629821106847508 0.0622455524792863 0.0577605807489844 0.123514321519936 0.0910268133654435 0.0703085763871887 0.0682969397098573 0.0709431793224571 0.0653813237393807 0.0523803336941073 0.059518841204431 0.0564513737061131 0.0491761548336222 0.045994242122099 0.0404356031958646 0.0437823741199895 0.0738206072969387 0.0624435184148653 0.060118623942667 0.0685697281920725 0.0545950716584617 0.052143753034 0.0519977738637969 0.0520635905648218 0.0609080263418919 0.0656203312516725 0.0646907179230272 0.0927907403309374 0.0896246306532683 0.0920143557406359 0.0807381195995643 0.111968472357894 -9999 -9999 -9999 -9999 -9999 -9999 -9999 -9999 -9999 -9999 -9999 -9999 -9999 -9999 -9999 -9999 -9999 -9999 -9999 -9999 -9999 -9999 -9999
0.129860104291685 0.172987064033395 0.0787210826231144 0.0692205046496427 0.0923509162472004 0.126276308329624 0.0654487537321382 0.1030329735176 0.114640467694609 0.115070584884648 0.151648429712431 0.0711656450782279 0.0617096576309041 0.0761169298295493 0.0635900328401 0.0532128050153962 0.0607253768528428 0.0482145391221642 0.0549737128602934 0.0532232267176365 0.0533344075097568 0.0531540235906337 0.0525144931359312 0.0517432456013539 0.0498336921178836 0.0504881083264846 0.0586487469231561 0.0533721789741966 0.0549007714424204 0.0566650531562531 0.0710021691342068 0.0999646203254304 0.092567373430329 0.0864403916275115 0.0921132223742581 0.0713883241281507 -9999 -9999 -9999 -9999 -9999 -9999 -9999 -9999 -9999 -9999 -9999 -9999 -9999 -9999 -9999 -9999 -9999 -9999 -9999 -9999 -9999 -9999 -9999 -9999 -9999
0.109222771415382 0.18319620215816 0.154369719591193 0.0654080907930055 0.111743441698877 0.0970938458140107 0.0921763508998845 0.12135645317503 0.117527299559559 0.0837835840793878 0.0729479041996483 0.0614716710557972 0.0656371992699718 0.0610008486134356 0.0631011250383861 0.05700836829919 0.0593682030204203 0.056561622409908 0.0625060061936858 0.0662090556354896 0.0611623035751181 0.0562006032493146 0.0551135993390135 0.0484029347189634 0.0481550370384993 0.0528630382219045 0.0536329764181214 0.0556245226739404 0.0762704460725275 0.0870147296021359 0.0787894999547614 0.0755402717977867 0.0747335088408413 0.0772153892052146 0.0698594422895099 0.0714453976366801 0.0657246056063857 -9999 -9999 -9999 -9999 -9999 -9999 -9999 -9999 -9999 -9999 -9999 -9999 -9999 -9999 -9999 -9999 -9999 -9999 -9999 -9999 -9999 -9999 -9999 -9999
0.225448207475463 0.180352859880289 0.137635634148479 0.0806396543977798 0.0700868923251999 0.0617829955144127 0.0607035771601034 0.0633324564090794 0.0618556685522029 0.0558187597636845 0.0717540965037639 0.0726346638217931 0.0425298372017864 0.0504667887455043 0.0476613510118231 0.0513362981878504 0.0789911961186444 0.075888769520077 0.0776284000750115 0.0532292515696726 0.0563943035574267 0.0624574499941647 0.0551950070962762 0.0502221318471933 0.0505468076879355 0.0518024882494033 0.0512092760767763 0.057026828172387 0.0618349080006575 0.091036274126269 0.102264352596652 0.0954906226190748 0.0753178494024252 0.0733033825540547 0.0810241992194151 0.0702158516002691 0.0635066429125846 -9999 -9999 -9999 -9999 -9999 -9999 -9999 -9999 -9999 -9999 -9999 -9999 -9999 -9999 -9999 -9999 -9999 -9999 -9999 -9999 -9999 -9999 -9999 -9999
0.219188204792738 0.148231967896636 0.09586011694251 0.0842243192373772 0.129072488767527 0.119364202002745 0.113265228914075 0.0624143602549264 0.101394403493939 0.138442716530654 0.125946777995545 0.0700055819985974 0.0419205498644492 0.0553672195461924 0.0700215095641869 0.0613255898913165 0.0537205946795042 0.0527146797738369 0.045804086707046 0.0452606984804024 0.0686665293723078 0.0648595546733681 0.0529373285785414 0.0529848128708229 0.0522656985861268 0.0592175798727253 0.0593018996897678 0.0596693653711056 0.0691992276325489 0.0973149420325863 0.100872882227647 0.0759939541913593 0.0847995133539045 0.0739846774026478 0.0826199008520739 0.0757363192377196 0.0717447934554272 0.0722329929859775 0.0897313458310553 -9999 -9999 -9999 -9999 -9999 -9999 -9999 -9999 -9999 -9999 -9999 -9999 -9999 -9999 -9999 -9999 -9999 -9999 -9999 -9999 -9999 -9999
0.319846376947652 0.263117295852374 0.224906471289542 0.184535139428029 0.177531738658044 0.140950921854079 0.124555925083767 0.120071540361107 0.116119693060774 0.131889623815321 0.0925836584117349 0.0978143630331242 0.0566648949752097 0.0640493256260577 0.0587756853460022 0.0495899183448951 0.0453423833587094 0.0438037579856277 0.0445231135948429 0.0427684150301028 0.0855241529694442 0.0656068056112364 0.0541950109861038 0.0554642119793333 0.0563017041540546 0.0572825779972443 0.0592175798727253 0.0819092967286953 0.0870602757275667 0.0742503845635389 0.0695445446260262 0.0773164548346239 0.0740655901183835 0.0740961263399811 0.070989856462178 0.0670449869752176 0.0638926194142897 0.061809335082628 0.08397532067503 0.111685225976778 0.136417193700596 -9999 -9999 -9999 -9999 -9999 -9999 -9999 -9999 -9999 -9999 -9999 -9999 -9999 -9999 -9999 -9999 -9999 -9999 -9999 -9999
