Webinar-7-31-2019/data/PredictionGrids_CV_example/preds_0.5_TD200.asc
NCOLS 250 
NROWS 718 
XLLCORNER -2256000 
YLLCORNER 1557000 
CELLSIZE 1000 
NODATA_value -9999 
[rows 567 to 593 of 718, columns 183 to 243 of 250]
0.382210629902261 0.326206972810065 0.234363069899466 0.187389410003317 0.191043271584974 0.133851359889446 0.11328403821259 0.082367222256633 0.0731502924875312 0.0743359802616101 0.0632195888822332 0.0808436071986776 0.0777872142155336 0.0562288294907372 0.048826698363523 0.0482475646021179 0.0452194894863383 0.0509317460035055 0.0457170611557719 0.0466546222193153 0.062723721024132 0.0900064230253698 0.0744117493771459 0.0506681965734037 0.0804423707953386 0.0709648965903806 0.0729887030437332 0.0805853176611262 0.0797916018919837 0.0757184879616042 0.0732923934353002 0.0717834649929211 0.0661722582053613 0.0717750374492429 0.0682062384604348 0.0672391195779649 0.0686413765466051 0.0637921195693914 0.0767584929736551 0.0665174015882535 0.109564035161388 -9999 -9999 -9999 -9999 -9999 -9999 -9999 -9999 -9999 -9999 -9999 -9999 -9999 -9999 -9999 -9999 -9999 -9999 -9999 -9999
0.398726377154635 0.341287911207561 0.333529334879429 0.134284810310277 0.0964634927523047 0.0824147541220743 0.065243103402569 0.0602378497284338 0.147262232755316 0.139565735042089 0.136602454259453 0.106885288839682 0.0742670330831325 0.0485407347634323 0.0496541550679848 0.0474377065554026 0.0368239816370879 0.0382825667896561 0.0413471551637555 0.0444522273957718 0.0606777293198874 0.058992633352733 0.0827170763951275 0.0517102345332744 0.0603802851966861 0.0659365028394406 0.048533648479605 0.0663219761459184 0.0669908050135734 0.0727087939429731 0.075868396529612 0.0778203092854977 0.0728014673733602 0.0657536421973649 0.0629009107837631 0.0645034328767077 0.0682699841639097 0.0767982330572431 0.0624139167929377 0.0634851146560402 0.0680116436827289 -9999 -9999 -9999 -9999 -9999 -9999 -9999 -9999 -9999 -9999 -9999 -9999 -9999 -9999 -9999 -9999 -9999 -9999 -9999 -9999
0.422313065312986 0.361700360133968 0.382825342625467 0.154956334410629 0.179977369773399 0.132727897364523 0.152954097646368 0.172346221701652 0.147336084073515 0.149069022497098 0.153814482062984 0.139728505496681 0.108086175972713 0.0562781231968316 0.0557975143974924 0.0589972459308101 0.0546210875397288 0.0541363100206716 0.0793207150962781 0.0900728864023117 0.0796302253111458 0.0613891664574198 0.0596285530260901 0.0418834528857112 0.0354898528828452 0.0434165020208268 0.0704713323668053 0.0806192109650881 0.0808929509508727 0.0761902456643659 0.0859564697536883 0.0782274607122973 0.0676774803576335 0.0644104443429988 0.0621639458733516 0.0708159089915688 0.0702396774517136 0.0803121494755252 0.0668574880145453 0.0647016196537628 0.0652221617690141 0.0874560988248893 -9999 -9999 -9999 -9999 -9999 -9999 -9999 -9999 -9999 -9999 -9999 -9999 -9999 -9999 -9999 -9999 -9999 -9999 -9999
0.500737214418324 0.486514317823734 0.351746168136946 0.404254638434786 0.261107429430217 0.183205740003814 0.176408101624593 0.165239245161971 0.1396659875127 0.143585565557699 0.143133879770063 0.157626068956278 0.109615605633791 0.0979824667332638 0.065835533039382 0.0617623994671158 0.0478035583956059 0.0545283407249461 0.0582044682182518 0.0785958264632393 0.0799286967174968 0.0900128240837799 0.0618452640284743 0.0599129392803265 0.0406525342899166 0.0490241757731751 0.070720590493807 0.0778666657129151 0.0861466542944735 0.0882929044184308 0.0966058376615105 0.0715891121619662 0.0713681458139407 0.0673484053570049 0.0643284070894307 0.0717980723646576 0.0690019082263175 0.0772816437484641 0.0671152914324053 0.0716421810309156 0.14312192735993 0.178742035120909 -9999 -9999 -9999 -9999 -9999 -9999 -9999 -9999 -9999 -9999 -9999 -9999 -9999 -9999 -9999 -9999 -9999 -9999 -9999
0.565060601782647 0.527492739258337 0.27379566511484 0.184712577563673 0.260199832497651 0.214274617409413 0.177735020288309 0.155491632380625 0.158142316168618 0.147504140762212 0.107651779325812 0.0945048499111388 0.117250223139263 0.151429226073561 0.0802190806103513 0.0690599182753984 0.0746215668122254 0.0949458205261284 0.0708904806039951 0.0733882673623267 0.0930909572577066 0.0783151043961547 0.044653468228666 0.0492621746705693 0.0450086780019736 0.0619275204168357 0.0759675964648942 0.080781262205448 0.0925455655754529 0.0993382599721277 0.090184348399818 0.0927536334981373 0.0787794433499579 0.0739279819729261 0.0652963287770068 0.084522270695867 0.0653301336426333 0.0827934132704006 0.0720342068896309 0.0907571042030894 0.0955022702548164 0.177064094651528 -9999 -9999 -9999 -9999 -9999 -9999 -9999 -9999 -9999 -9999 -9999 -9999 -9999 -9999 -9999 -9999 -9999 -9999 -9999
0.315026967201404 0.428926050511709 0.407741076479604 0.372327822130286 0.303682409531227 0.210171582155562 0.129908113642419 0.149882237777481 0.107274362292907 0.0764827203436328 0.120206939175332 0.139236605970804 0.101275874291175 0.106510019128405 0.067585013012 0.0479960684923279 0.0673709552083402 0.0846607207012659 0.0473673268955894 0.0372077153057409 0.053131297730646 0.0613838992449213 0.0730398961951763 0.0517181851593892 0.0627553315608721 0.0741024355778346 0.0930245438901786 0.0881176438756469 0.0905763903585641 0.0747431477070133 0.0938202559074862 0.0924782222933632 0.0856055280974046 0.0645396603436261 0.0732026406839504 0.0733190149568012 0.0622155248501989 0.0826388363598544 0.0685780693526727 0.0668290976091963 0.0655991872535706 0.105005515010951 0.160846855341127 -9999 -9999 -9999 -9999 -9999 -9999 -9999 -9999 -9999 -9999 -9999 -9999 -9999 -9999 -9999 -9999 -9999 -9999
0.4892017517957 0.446727227234277 0.300442140955792 0.219742099695658 0.135204371307932 0.0770662152172513 0.0982929740200333 0.142494206646335 0.158897967054557 0.143605298567039 0.147017724742137 0.135988336160568 0.130449583449826 0.111920428852676 0.0946461995285326 0.078479516504149 0.0655503665474931 0.0630309192920977 0.0449003091938009 0.0503277111066822 0.0426011969714044 0.0416112038644112 0.0414579225299264 0.0575306319296374 0.0877277911572577 0.0913250597251136 0.131059757821284 0.125504042776264 0.0974459069820268 0.0856397416821108 0.0748715052380641 0.0838380658021894 0.0738440366323057 0.121490995087384 0.0658511057166741 0.072854199426644 0.0711854402432567 0.0640280301588075 0.0610606990511005 0.0724658868159141 0.0783387103137936 0.0634477074531979 0.0806331412593936 0.0774352335542141 -9999 -9999 -9999 -9999 -9999 -9999 -9999 -9999 -9999 -9999 -9999 -9999 -9999 -9999 -9999 -9999 -9999
0.518902330714472 0.433760760208319 0.383474797747916 0.333921011339297 0.150173646189895 0.103802173938748 0.0980647552014081 0.0736616401189887 0.161266207668601 0.142529669884202 0.120677164369191 0.129747359949318 0.12128589269513 0.114426660673381 0.0795488109042213 0.0650300587547158 0.0670025544894875 0.0367874554249758 0.0384815407675034 0.0432463221351509 0.0396163534187619 0.0419992753401186 0.0413591497977054 0.0555764038587945 0.0744783668662008 0.0752096999740053 0.0951769841250609 0.132427923551272 0.109807531013742 0.0943571565716614 0.0813013697680201 0.0724328498523076 0.066435339175639 0.0729569741834674 0.0750947437628418 0.062445368429247 0.0730752497676273 0.0648228023751493 0.0765717212453085 0.0791403527138076 0.102746188500876 0.15933981515375 0.178794220936613 -9999 -9999 -9999 -9999 -9999 -9999 -9999 -9999 -9999 -9999 -9999 -9999 -9999 -9999 -9999 -9999 -9999 -9999
0.521142145271501 0.440818760271681 0.390515663396181 0.264218615880498 0.217239986316057 0.170234533542589 0.117913285021714 0.1149462650725 0.114236894334745 0.116961720048421 0.117502361708486 0.115574399593764 0.102636640121303 0.0988565729366072 0.0504433103980661 0.0600586061531438 0.0596616076321575 0.0364582205708077 0.0393468590119045 0.0401778624789474 0.0410463942873003 0.0447765152305678 0.0545316005439141 0.0832274755933046 0.10323373233963 0.0818101292731002 0.0990171655281818 0.104191776011599 0.114978298755131 0.120456658459287 0.0915913861573572 0.073814286642991 0.0662714518867312 0.0738894955943368 0.0722087076308949 0.0733658642556567 0.0739251473700192 0.0907399906736107 0.169968924488971 0.181841840646548 0.199104591044109 0.197806769187014 0.186220097554331 -9999 -9999 -9999 -9999 -9999 -9999 -9999 -9999 -9999 -9999 -9999 -9999 -9999 -9999 -9999 -9999 -9999 -9999
0.426183674406399 0.313807696738026 0.28208949896913 0.235167076246474 0.193907358688326 0.12426614353864 0.130176012959494 0.102844983174 0.0548959203873325 0.0563158675885779 0.0701459280138981 0.0780456659867586 0.0761851000662083 0.0742447259991188 0.0583016559838621 0.0641182106193271 0.0395193669291351 0.0398415992718087 0.0440255138787883 0.0467985647818166 0.0473320164894843 0.054186642608193 0.0716400803495952 0.0686259849365042 0.0971723869031325 0.0965395592980602 0.0941176322551847 0.102576220867074 0.087206088514582 0.115237240713471 0.0817218699621769 0.080747236023508 0.0745719162928726 0.0689435900158485 0.0739833221560958 0.0861557726910169 0.0635965321654728 0.118309493267792 -9999 -9999 -9999 -9999 -9999 0.158866340373175 -9999 -9999 -9999 -9999 -9999 -9999 -9999 -9999 -9999 -9999 -9999 -9999 -9999 -9999 -9999 -9999 -9999
0.170372720637676 0.181841529790451 0.152102403019912 0.0920327210364499 0.0929919987580301 0.0702390616059831 0.082403021918293 0.0525042796241077 0.0516004321741712 0.0457817169167493 0.0690786595440952 0.0962224212836308 0.0771042217700394 0.0754647334368125 0.0630844997050092 0.0391881352767137 0.0399035131417307 0.0403743674686306 0.0444494920408779 0.0410182765103035 0.047083095040336 0.0617753383202923 0.0848441764838637 0.0822727081765837 0.085809500985055 0.081865793504931 0.103296753515443 0.0937091042025811 0.0845167238970803 0.0710616742952903 0.111657434230742 0.0792774247464399 0.0791036494976168 0.0819513859198435 0.0848444803004276 0.0676220509946805 0.051088102408908 0.0631462257900518 0.154510804701374 -9999 -9999 -9999 -9999 -9999 -9999 -9999 -9999 -9999 -9999 -9999 -9999 -9999 -9999 -9999 -9999 -9999 -9999 -9999 -9999 -9999 -9999
0.359063851247193 0.336819230168204 0.178670711126801 0.081152824420492 0.0646537862197972 0.0516684700970949 0.0490406693214252 0.0534791757041323 0.0524858181338309 0.0509172935812031 0.0463783651742078 0.0565956870483685 0.0752722747990002 0.0669245135798681 0.0649724941163961 0.0435340249124912 0.0393153312295772 0.0423184528541265 0.04264900163109 0.04673768425789 0.0564698562516898 0.0727216176152115 0.0864300744274219 0.065000376180384 0.0855182597026578 0.0842757346476804 0.084811974731836 0.0902341959582386 0.0787962958638409 0.0785270635169563 0.0778670471983066 0.108191890057454 0.106168348656844 0.0908031970416773 0.0739009537394684 0.0741341614023375 0.0645855561343487 0.0517386891957171 0.148920886755326 -9999 -9999 -9999 -9999 -9999 -9999 -9999 -9999 -9999 -9999 -9999 -9999 -9999 -9999 -9999 -9999 -9999 -9999 -9999 -9999 -9999 -9999
0.461502014340043 0.411277423853408 0.208693192565603 0.127096131993748 0.122840219001562 0.0791781054629042 0.0510935177219029 0.049410302047377 0.068975066075797 0.0473424791856056 0.0488433015518876 0.0708956024659856 0.0946424176498188 0.0716108510677842 0.0507797257425106 0.0442653078396638 0.0408349332066199 0.0400885729402185 0.0486678966711732 0.0530177772513793 0.0586049394815708 0.0637618537057065 0.0669037766108553 0.0647033603647517 0.0732281423140175 0.0758612647680078 0.0769101633199711 0.0677346259647968 0.0766624611200719 0.0693260477810062 0.0726215761871847 0.0798485119001537 0.0998312010559384 0.0716113975900218 0.0715392603505394 0.0603436823641958 0.0575831798838932 0.0605755586221374 0.0858292301086336 -9999 -9999 -9999 -9999 -9999 -9999 -9999 -9999 -9999 -9999 -9999 -9999 -9999 -9999 -9999 -9999 -9999 -9999 -9999 -9999 -9999 -9999
0.489224420614205 0.341120410837283 0.245654391798217 0.213814100898019 0.156414271434445 0.106339182809387 0.0722517227310926 0.0499638127840191 0.0506981763598112 0.0516018928233287 0.0638777257363631 0.0793860763773614 0.0785991674048305 0.0682978281151849 0.0603154532845968 0.0414381772318072 0.0397957416535347 0.0441461630605012 0.049393211478295 0.0503852536676805 0.061401939742809 0.0647936749908431 0.0656052941450603 0.065555332184396 0.0669658835801785 0.0759341904960122 0.076071447314613 0.0679550992467711 0.0907508082495559 0.0861653275503635 0.0794960679913482 0.0842852500567983 0.0808862302643392 0.100593287465894 0.072030442274207 0.0622229461248032 0.0574343406110572 0.0617879423632719 0.080954347287326 0.136669818195937 -9999 -9999 -9999 -9999 -9999 -9999 -9999 -9999 -9999 -9999 -9999 -9999 -9999 -9999 -9999 -9999 -9999 -9999 -9999 -9999 -9999
0.466179252529319 0.328161545882749 0.248759339106999 0.221512117945551 0.179643548239958 0.153975112081324 0.143077925972229 0.150116731910368 0.0518275479818822 0.0512314889888946 0.0803772612777196 0.0799824159133222 0.0592376906946213 0.0543461501117677 0.0554345433161305 0.0424296897294252 0.0361049391143094 0.0416287223237216 0.0476667807385877 0.0558778868231597 0.071555608033098 0.0762173101817525 0.0795790219686838 0.0738166050991534 0.0793826551272686 0.0745623272481184 0.0733361411052836 0.0838868792968274 0.0780644375870976 0.0792306955057159 0.0795863502601942 0.0835703395926088 0.0629261478049921 0.0677543645424073 0.0828080651052392 0.093679128365412 0.0866788729495071 0.0875122847262768 0.0643107615936888 -9999 -9999 -9999 -9999 -9999 -9999 -9999 -9999 -9999 -9999 -9999 -9999 -9999 -9999 -9999 -9999 -9999 -9999 -9999 -9999 -9999 -9999
0.462951307460721 0.350068263797211 0.304913730024837 0.266036447906158 0.163300343359908 0.154130787977975 0.147627810619541 0.175938308676737 0.082223806715792 0.0519754788779636 0.0739004388812481 0.0625877983598052 0.0518124904730757 0.0510577226600255 0.0597571034903922 0.0402202716325027 0.0441744013611272 0.050671246318341 0.05140413177699 0.0697520392045963 0.0762754235406015 0.0809111127955367 0.100408635440643 0.101448357197999 0.0892423362464368 0.0760261134916515 0.0716353680236338 0.0839668533480277 0.0629344018125092 0.0686590313541532 0.0981777927437322 0.0714342701769473 0.0748318935567876 0.0754427020046502 0.0626991083732193 0.0643980301405504 0.0501617170071313 0.0880062191315552 0.0948917904730738 -9999 -9999 -9999 -9999 -9999 -9999 -9999 -9999 -9999 -9999 -9999 -9999 -9999 -9999 -9999 -9999 -9999 -9999 -9999 -9999 -9999 -9999
0.492021044383639 0.346231867990017 0.306030663056049 0.233154438878845 0.160362100346264 0.119538393935955 0.0561120140852462 0.0960136294125957 0.0704352692803969 0.0559811408437881 0.0561170047097942 0.0703836251753321 0.0563007609383129 0.0513188253505497 0.0593700868679107 0.0425255378851272 0.0417231380818289 0.0516138558641863 0.053306565058757 0.071673352847923 0.0772154047066326 0.0836191707676535 0.0736243294202772 0.095288194405402 0.0933412039086859 0.078084868713341 0.0663950954855155 0.0744209371288892 0.0760220813877393 0.0645220396460435 0.0780415086022807 0.0710740621793885 0.0711184351108398 0.0705604855012223 0.0592245351146491 0.0636856209443078 0.0596909595341736 0.0599714371809512 0.0605769942530926 0.076044478710978 0.10959981663013 -9999 -9999 -9999 -9999 -9999 -9999 -9999 -9999 -9999 -9999 -9999 -9999 -9999 -9999 -9999 -9999 -9999 -9999 -9999 -9999
0.49474535150691 0.380793828897783 0.310448621466356 0.239422792484796 0.128872491625976 0.0923552303673748 0.0842165618890596 0.058629956184906 0.0528668637281749 0.051362667691227 0.051584449192564 0.0612460908292039 0.0531299748460636 0.0529242787804609 0.0483103398248249 0.0433450400966915 0.042152028092315 0.0470114059172773 0.0489006883628592 0.0482382096698458 0.0615749158955369 0.0642810950994387 0.0668135048769726 0.0723510947503349 0.0820394859950624 0.0816732543521984 0.0780267624624116 0.0763403814542707 0.0842953308644396 0.0684623580914265 0.0661163303601106 0.0684920292150073 0.0954613667598717 0.0705604855012223 0.062856506055632 0.0654618762883305 0.0631416282404603 0.0624657275439827 0.121752524811635 0.169317757107633 0.198969723751212 0.0992622060567515 0.127550805515735 0.100941181269426 -9999 -9999 -9999 -9999 -9999 -9999 -9999 -9999 -9999 -9999 -9999 -9999 -9999 -9999 -9999 -9999 -9999
0.530539359551398 0.388160871286489 0.323939959286726 0.28656631370929 0.179184873706494 0.121004488075006 0.0597209228712178 0.0541686775203163 0.0577636469072344 0.0437098754976987 0.0436541285242549 0.062032250138455 0.0619714258858863 0.0722375593271411 0.0483831614717281 0.0485216906316881 0.0425941857386389 0.0451872843904951 0.0470693541710073 0.0509065799018141 0.0580584827324772 0.0542684315188759 0.0546369555310306 0.0721521816689007 0.086246839892442 0.0796637545168667 0.0767836868049522 0.0678451563841919 0.0802116134938671 0.0768734510317015 0.057970424021768 0.0627139156876392 0.0638025482193685 0.069134274999552 0.0657458300716594 0.0664522837339164 0.0638565536906572 0.0791967394057416 0.156539242900902 0.166421479151324 0.176920182341837 0.189816930620028 0.193872431029837 -9999 -9999 -9999 -9999 -9999 -9999 -9999 -9999 -9999 -9999 -9999 -9999 -9999 -9999 -9999 -9999 -9999 -9999
0.580607667424794 0.362135304121399 0.25472082581123 0.209770715080502 0.130504830221069 0.0599437240710257 0.060419346754786 0.0546119947877052 0.0588792251507652 0.0572242746819147 0.0870365886968033 0.0623205745216592 0.0598388881684711 0.0586551776362244 0.060720122246519 0.0499881672476408 0.0432556837437501 0.0538566669603393 0.0540157984175535 0.069186877183551 0.0692779400631156 0.0614658010771063 0.05778157278103 0.0567177845509202 0.0643300908355263 0.066951518425845 0.0792344419075494 0.0593316467773817 0.0735209295960291 0.0724264819201278 0.0710997258041952 0.0588480999445292 0.0564631076098256 0.0601318288024592 0.0643930160083385 0.0716210758510343 0.0834034402730986 0.131220199723484 0.162942387830022 0.168561178925415 0.179666304604592 -9999 -9999 -9999 -9999 -9999 -9999 -9999 -9999 -9999 -9999 -9999 -9999 -9999 -9999 -9999 -9999 -9999 -9999 -9999 -9999
0.539029999879224 0.213005449821694 0.133793259043958 0.134842657277123 0.110717979590861 0.0635513913252077 0.0588778814198002 0.0551780217958107 0.0532870434247776 0.0510198886586824 0.0672844442000907 0.070149181196955 0.0753312223287152 0.0582468446919099 0.0604441326138403 0.0533394483196559 0.0600102657962905 0.0529088310760212 0.0640612416999965 0.0713253097958144 0.0726222440342101 0.0624504064751544 0.0620356483065692 0.0623076734354732 0.0807062901515594 0.0748819335302045 0.0727259071861199 0.0767432253479463 0.077974077762624 0.0709386419877007 0.0717556665530849 0.0717195567044485 0.0597492209608609 0.0628294485031118 0.0658774198352078 0.0868575750312104 0.0864860611666757 0.154980885274772 0.166923422163812 0.167678951337553 0.17163993111046 -9999 -9999 -9999 -9999 -9999 -9999 -9999 -9999 -9999 -9999 -9999 -9999 -9999 -9999 -9999 -9999 -9999 -9999 -9999 -9999
0.405237277183119 0.255776321364612 0.193380762283565 0.168159269113524 0.127890074347856 0.109364529573617 0.0648786148495379 0.0535341271013327 0.0551004865507146 0.0517136134482368 0.0703987576992713 0.0710549510683231 0.0596594082765335 0.0599883565497565 0.0670784697620318 0.05907853820573 0.0598781371077108 0.091165191664834 0.0876988675281016 0.0646908266972901 0.0696013861988429 0.0973011700560837 0.0865230567502637 0.0856874169431388 0.0720274515669942 0.0832850294956368 0.082380341701652 0.0851777310611732 0.0925979382634769 0.0716828677406408 0.0778605644496453 0.0753477168900922 0.0652190571766712 0.0582365903399706 0.0792024033341286 0.153797402302809 0.0699724072269258 0.0691053900418736 0.0954745715535109 0.113682119302389 0.149066672893262 0.164491189540628 -9999 -9999 -9999 -9999 -9999 -9999 -9999 -9999 -9999 -9999 -9999 -9999 -9999 -9999 -9999 -9999 -9999 -9999 -9999
0.327865742527284 0.289830069520566 0.262255597588944 0.236454401895641 0.136446615981394 0.0908875769186685 0.0608707096540027 0.0533992399713017 0.054216149046948 0.0526464696624896 0.0539179161571235 0.0754229481910909 0.0597999221896514 0.06590355166344 0.101261214796072 0.088590117558929 0.0666228139172366 0.0763592707980243 0.090713391264702 0.087422863345913 0.0857229494030965 0.0859502089658363 0.0817629673044365 0.0861578478115552 0.0895848854846646 0.113238630481557 0.0840255006549908 0.0735092174794091 0.0710072532979535 0.0725716948345659 0.0625742809813284 0.088115467443101 0.0807288610893617 0.086637461742245 0.112005718217994 0.141862701814147 0.138726303437456 0.121068559651101 0.124665794540472 0.146178634821734 0.105393271956456 0.0992973419058945 -9999 -9999 -9999 -9999 -9999 -9999 -9999 -9999 -9999 -9999 -9999 -9999 -9999 -9999 -9999 -9999 -9999 -9999 -9999
0.239196808330592 0.273657260024754 0.180930478591304 0.141619344571291 0.0968598769201022 0.0693907759688836 0.0742780823889966 0.061045514981114 0.0599929135823085 0.0577379130117556 0.0602362952186781 0.0781039836874933 0.0848151178731972 0.0673709560446153 0.0826748366625052 0.066204672650892 0.0851581360450413 0.0882367343364888 0.0789147708811243 0.0914329169554557 0.119837075135691 0.113188124091734 0.114178423339411 0.101961081208431 0.10190669112957 0.0991643558750867 0.171854709086195 0.118681539958973 0.066619021082478 0.116976624652712 0.116302860672743 0.0673424792806557 0.0761348903456654 0.0871471731345674 0.153061016828512 0.148622705130505 0.172121047996218 0.167554519777609 0.180818880965207 0.203246617072466 0.154449385783869 -9999 -9999 -9999 -9999 -9999 -9999 -9999 -9999 -9999 -9999 -9999 -9999 -9999 -9999 -9999 -9999 -9999 -9999 -9999 -9999
0.231789896607049 0.192578515761256 0.0929834257567063 0.0785358583272778 0.0573544902557886 0.0593691912126757 0.0670116488416291 0.0599925002268153 0.065941633767093 0.0634879756968475 0.0576129166298266 0.084012262158467 0.0857350203616394 0.0598114781425514 0.0586006075627274 0.0854238399412119 0.150251592702394 0.15496919295445 0.151159177855271 0.10785072222973 0.114840427775118 0.119089397072495 0.105237522263192 0.160108905473589 0.10841027489685 0.101291492401541 0.138229915478136 0.102881787725462 0.083674209740985 0.161681606769992 0.172639826115733 0.121344217148425 0.0775250660355534 0.0889559515736753 0.149581156839216 0.137861885780623 0.147912465659574 0.168655279613077 0.172021808131909 -9999 -9999 -9999 -9999 -9999 -9999 -9999 -9999 -9999 -9999 -9999 -9999 -9999 -9999 -9999 -9999 -9999 -9999 -9999 -9999 -9999 -9999
0.148344421503333 0.109832902667878 0.0765839800279573 0.0623726447529299 0.0566886038108997 0.0586059473926871 0.0672994248122868 0.0817859881024149 0.0574899623653173 0.0795805569198147 0.0777951360062603 0.0906537145703288 0.0923685864203091 0.0628823552679396 0.0616947585116587 0.117238976720869 0.150701683562887 0.17409384711045 0.185925641784582 0.121312278086747 0.122890169195165 0.116692194990491 0.110258760418624 0.100495356006356 0.0967889526363903 0.112330615620142 0.110094688908667 0.101376597659034 0.0956054937458223 0.0809284438696971 0.188828142953968 0.179770874259044 0.137072677507018 0.0919966212674073 0.096545149033653 0.151352443926559 0.0939890501588397 0.144268370723421 -9999 -9999 -9999 -9999 -9999 -9999 -9999 -9999 -9999 -9999 -9999 -9999 -9999 -9999 -9999 -9999 -9999 -9999 -9999 -9999 -9999 -9999 -9999
0.134430183190991 0.0860155264559264 0.0894548267127253 0.0596099813699348 0.0572129261355441 0.0615129566601899 0.0725084831198236 0.0802818743827598 0.0814006541046765 0.0773048225705924 0.0699619181800022 0.0722183171068606 0.0824497836557339 0.0610798202199455 0.0585378879112577 0.0733226908741737 0.0749081837122408 0.0771412731174021 0.0950919252412113 0.122216946915698 0.123214725962856 0.124890903765723 0.103424501588847 0.0982465443281713 0.117587307086822 0.100576734710595 0.0990482477582075 0.0922803164218183 0.0880098950487296 0.098480620724102 0.107837842125888 0.13981763941769 0.0990367339782975 0.148522906729019 0.0853084487638051 0.142718365763822 0.17423862867802 0.16376263880527 -9999 -9999 -9999 -9999 -9999 -9999 -9999 -9999 -9999 -9999 -9999 -9999 -9999 -9999 -9999 -9999 -9999 -9999 -9999 -9999 -9999 -9999 -9999
