Webinar-7-31-2019/data/PredictionGrids_CV_example/preds_0.5_TD200.asc
NCOLS 250 
NROWS 718 
XLLCORNER -2256000 
YLLCORNER 1557000 
CELLSIZE 1000 
NODATA_value -9999 
[rows 405 to 431 of 718, columns 122 to 182 of 250]
0.064935862674474 0.0526947046188713 0.0473685211350254 0.0573539869656059 0.0671075648236703 0.0514537183109669 0.0867251374738128 0.067724796934236 0.071163832769087 0.0662147385332425 0.0883880855730039 0.0679138043945379 0.0651000887176784 0.0582730219562573 0.057890547227882 0.0581667156505725 0.0594422286251063 0.060752177618794 0.0544849736811589 0.0529792902191394 0.0659842875790155 0.0702143002811758 0.0702883058613418 0.0731212745276476 0.0776463915577476 0.0780805726455796 0.0759897654749629 -9999 -9999 -9999 -9999 -9999 -9999 -9999 -9999 -9999 -9999 -9999 -9999 -9999 -9999 -9999 -9999 -9999 -9999 -9999 -9999 -9999 -9999 -9999 -9999 -9999 -9999 -9999 -9999 -9999 -9999 -9999 -9999 -9999 -9999
0.0656987984005918 0.0586503624483888 0.0471821604768422 0.0459360735071278 0.0739675450507999 0.0993291161110317 0.0714296352874034 0.065518604661208 0.0542509057325712 0.099756116140281 0.0985359342129974 0.0810865547032709 0.0812847495215482 0.0611794345246763 0.0620246033695627 0.0600170199158907 0.0589592629516943 0.0559612811691559 0.0556254031881446 0.0661533948440465 0.065855732256723 0.0688277045835682 0.0756897529408333 0.0778231973447462 0.0770578425109558 0.0753015305716556 0.066498606377223 0.0716772665874685 -9999 -9999 -9999 -9999 -9999 -9999 -9999 -9999 -9999 -9999 -9999 -9999 -9999 -9999 -9999 -9999 -9999 -9999 -9999 -9999 -9999 -9999 -9999 -9999 -9999 -9999 -9999 -9999 -9999 -9999 -9999 -9999 -9999
0.0474255050037471 0.0512927017109489 0.0507027172792863 0.0403877371223997 0.107821921118483 0.113938026552952 0.090578919599271 0.0756351665332854 0.0626915286038415 0.116207182854269 0.132062830239688 0.0863447368277899 0.0614748822801257 0.0776229139662482 0.0931306292768729 0.0876174587602299 0.060551407094241 0.0611434909464402 0.0625178224302499 0.0659487422742064 0.0663507966297696 0.066517910875775 0.0784508469181112 0.0786568492502864 0.0756953777711674 0.0689972543753947 0.070798328334529 0.0751910078265512 -9999 -9999 -9999 -9999 -9999 -9999 -9999 -9999 -9999 -9999 -9999 -9999 -9999 -9999 -9999 -9999 -9999 -9999 -9999 -9999 -9999 -9999 -9999 -9999 -9999 -9999 -9999 -9999 -9999 -9999 -9999 -9999 -9999
0.0535522748480357 0.0529122201633222 0.0755584801184641 0.0418004198948062 0.0906315292369368 0.0814636578124166 0.078973012790234 0.0822801615093297 0.080743604514404 0.0736132503213991 0.0725449287863491 0.109054427417109 0.0578778106004448 0.0843199032609977 0.108709779384757 0.0821894776010543 0.0583811789366141 0.0626254770298957 0.0603129148506579 0.0718499731260999 0.0654686872461582 0.0661056555655278 0.0773410327738798 0.0781438157597941 0.0785346528907861 0.0752856064510278 0.0822914624668361 0.0873703490982358 0.076818102479838 0.0744498613639692 -9999 -9999 -9999 -9999 -9999 -9999 -9999 -9999 -9999 -9999 -9999 -9999 -9999 -9999 -9999 -9999 -9999 -9999 -9999 -9999 -9999 -9999 -9999 -9999 -9999 -9999 -9999 -9999 -9999 -9999 -9999
0.057962337120196 0.082687483888953 0.0725178771480607 0.059784557591642 0.0585054654217029 0.115573316776194 0.105665987731076 0.0843620576900908 0.0913486262464572 0.085824023190947 0.103144497455493 0.102095961881382 0.0679311212199755 0.062878562430919 0.0662064691372096 0.0608042052290088 0.0578124466575795 0.0636039030375361 0.066501913742309 0.0670580775357149 0.0650786680978704 0.0666261317252245 0.068543711149321 0.0837441010022246 0.0954746266765093 0.092916242397354 0.0829841710658766 0.0938147814104722 0.0849913366665102 -9999 -9999 -9999 -9999 -9999 -9999 -9999 -9999 -9999 -9999 -9999 -9999 -9999 -9999 -9999 -9999 -9999 -9999 -9999 -9999 -9999 -9999 -9999 -9999 -9999 -9999 -9999 -9999 -9999 -9999 -9999 -9999
0.127730486405702 0.0986977247622683 0.0804684041306716 0.0636356410596315 0.0520917885611178 0.0778630264296773 0.10188976917371 0.048683673381454 0.0787617409385507 0.0935807419944513 0.0898791546620673 0.109254377372499 0.0636276277125849 0.0590359540176895 0.0563988719635962 0.0620789908555656 0.0623538745094591 0.0652609572617431 0.0707452386898801 0.0711390932174133 0.0698276481978099 0.0718461022912146 0.0856357837725729 0.0938477294715015 0.0879189408100634 0.0856894194998093 0.0791382602718617 0.117942325524647 0.0810748581650206 -9999 -9999 -9999 -9999 -9999 -9999 -9999 -9999 -9999 -9999 -9999 -9999 -9999 -9999 -9999 -9999 -9999 -9999 -9999 -9999 -9999 -9999 -9999 -9999 -9999 -9999 -9999 -9999 -9999 -9999 -9999 -9999
0.11245780119056 0.0993491123662008 0.0945640846304758 0.0912443203184002 0.0949639762333846 0.156580391841104 0.110988110805489 0.0815866594920788 0.116743101049324 0.104558879948426 0.108248164525501 0.0836284955666541 0.126914887665931 0.0912267660047221 0.0890604401475349 0.060923306713591 0.0603832310271832 0.0636895822247456 0.0635173432557671 0.0709574235785684 0.0776896254769754 0.0786603111284523 0.0863495085828861 0.0881149141649517 0.0728296856971071 0.0723969522613641 0.078991799391891 0.0837751861637778 0.0787140792361616 -9999 -9999 -9999 -9999 -9999 -9999 -9999 -9999 -9999 -9999 -9999 -9999 -9999 -9999 -9999 -9999 -9999 -9999 -9999 -9999 -9999 -9999 -9999 -9999 -9999 -9999 -9999 -9999 -9999 -9999 -9999 -9999
0.139787513121399 0.12680085467766 0.116655070412906 0.113268665566402 0.119270099528292 0.288211020780611 0.140044631671186 0.14960080909587 0.189014491561433 0.116197079883233 0.0768412009915053 0.0642552000201419 0.0645193451304519 0.0488727080377364 0.062637892685426 0.0511856067822379 0.0650146287393857 0.0623542371531659 0.0660455554043542 0.0751251925251088 0.0751583165613654 0.0758148733995938 0.0865742421012166 0.094084367059355 0.0680148409681371 0.0759075793581153 0.0718986252669986 0.0843621198367017 0.0741452789476444 -9999 -9999 -9999 -9999 -9999 -9999 -9999 -9999 -9999 -9999 -9999 -9999 -9999 -9999 -9999 -9999 -9999 -9999 -9999 -9999 -9999 -9999 -9999 -9999 -9999 -9999 -9999 -9999 -9999 -9999 -9999 -9999
0.295082421769288 0.152553667708795 0.0683537537236158 0.067626362219808 0.101677766277924 0.113268334538231 0.0940926205864948 0.0724938128874171 0.106179943243569 0.135117600370069 0.091742903097557 0.0646755866587405 0.0716596305572006 0.0523622850868857 0.0515155142176252 0.0587435930560107 0.0521691971333545 0.054760182381573 0.0628617033105885 0.0720262941091253 0.0710791963143654 0.0740180665167988 0.0849367043310671 0.0956246353845235 0.0818632985811829 0.145743032894663 0.153463119129175 0.0920872306634383 0.0790461392298664 0.0795147737895419 -9999 -9999 -9999 -9999 -9999 -9999 -9999 -9999 -9999 -9999 -9999 -9999 -9999 -9999 -9999 -9999 -9999 -9999 -9999 -9999 -9999 -9999 -9999 -9999 -9999 -9999 -9999 -9999 -9999 -9999 -9999
0.557899611932874 0.231786357395575 0.208548723285654 0.138417406138551 0.0555103068721015 0.0697049819022804 0.0707281687498491 0.071077847751004 0.065165745504319 0.0706246546228906 0.0589915863511798 0.0587203376680582 0.110892962858901 0.108039667081235 0.0665779388319235 0.0609726264456477 0.0773187255076159 0.0509019474557509 0.0642017668187711 0.0680563367703387 0.0738461207819937 0.0690373729575742 0.0824417926407739 0.0774758176512607 0.100457293698252 0.135522569566294 0.129067917378173 0.195976011267569 0.0794596896819354 0.0747494306792929 -9999 -9999 -9999 -9999 -9999 -9999 -9999 -9999 -9999 -9999 -9999 -9999 -9999 -9999 -9999 -9999 -9999 -9999 -9999 -9999 -9999 -9999 -9999 -9999 -9999 -9999 -9999 -9999 -9999 -9999 -9999
0.437234296827647 0.293810539966316 0.209394733764987 0.234914206473796 0.0624750477111815 0.0582764581644032 0.0556628669593327 0.0625914233051247 0.0608395388154655 0.0599344517758663 0.090216492921348 0.216744690442103 0.25022635481387 0.183858788698382 0.105933689936 0.058034170847496 0.0531525160760283 0.0424110667423829 0.069032691309056 0.0750701801083887 0.0718968042493584 0.0749031499106884 0.0621237330423322 0.0466308129936545 0.0576920428787401 0.167398220949959 0.166165599569615 0.122791263400916 0.082506018998049 0.0811052442325341 -9999 -9999 -9999 -9999 -9999 -9999 -9999 -9999 -9999 -9999 -9999 -9999 -9999 -9999 -9999 -9999 -9999 -9999 -9999 -9999 -9999 -9999 -9999 -9999 -9999 -9999 -9999 -9999 -9999 -9999 -9999
0.253474346471114 0.256422383804162 0.26839375001547 0.265548202337918 0.115664919722659 0.0611192069242728 0.0700492137770465 0.0613473336288219 0.0872682360377226 0.0600574938836414 0.0562170981933254 0.159406533953689 0.348612891168091 0.207372342082046 0.152478565791036 0.053697121604683 0.0769015681787435 0.0544281912414784 0.0564915614558777 0.0537647006044928 0.071059852245626 0.0739417984118401 0.075715872566592 0.0517118237305994 0.0615429296745397 0.0825103357746258 0.08052931264712 0.0813805449104729 0.083682925519557 0.080815027211373 -9999 -9999 -9999 -9999 -9999 -9999 -9999 -9999 -9999 -9999 -9999 -9999 -9999 -9999 -9999 -9999 -9999 -9999 -9999 -9999 -9999 -9999 -9999 -9999 -9999 -9999 -9999 -9999 -9999 -9999 -9999
0.349588665145813 0.315143420761063 0.288242480256813 0.199852011033903 0.105604046109127 0.103106618237975 0.102566638593618 0.0916388061025001 0.100192926290659 0.0905319871152296 0.0685914213225482 0.0974984566276953 0.181358945551174 0.2562592475186 0.143406557917489 0.0801704287791172 0.0590344938823885 0.0538875567636373 0.0493873363516886 0.0557595702360023 0.0632503019511936 0.0824429780427832 0.0811450376472153 0.0579021552728064 0.0726255384067586 0.0776741920871511 0.0832633847160411 0.0945784086194884 0.160038940309803 0.134621600935509 0.0920205986611154 -9999 -9999 -9999 -9999 -9999 -9999 -9999 -9999 -9999 -9999 -9999 -9999 -9999 -9999 -9999 -9999 -9999 -9999 -9999 -9999 -9999 -9999 -9999 -9999 -9999 -9999 -9999 -9999 -9999 -9999
0.175589940917712 0.126650616077271 0.283864709127817 0.132930708070581 0.123794230889041 0.124751032134624 0.0908129857524215 0.108706761026157 0.119120054233011 0.10244576305764 0.0712224788300194 0.152836957308611 0.249606003802312 0.166958416441347 0.0476453088553609 0.0711755517824281 0.053411690971702 0.0544054498872299 0.0519508240615548 0.0554833212298 0.091375958131732 0.139377670350668 0.121473912637422 0.0865176347045163 0.0756143839609485 0.0754636757651037 0.0907227716868538 0.0842679662900907 0.114731654969128 0.120808216545215 0.0888632665197454 -9999 -9999 -9999 -9999 -9999 -9999 -9999 -9999 -9999 -9999 -9999 -9999 -9999 -9999 -9999 -9999 -9999 -9999 -9999 -9999 -9999 -9999 -9999 -9999 -9999 -9999 -9999 -9999 -9999 -9999
0.13211504378039 0.281396518013769 0.238169516746057 0.102147604534858 0.159183521699526 0.175308243856384 0.174928917061729 0.190254412932509 0.191122017575343 0.162455735961274 0.176731988336502 0.192325540375682 0.146331832783668 0.12062545684501 0.111744492230462 0.0855451041259137 0.0701069363864509 0.0590651975786122 0.111879896059506 0.0566437235535422 0.0739807254161384 0.0660425397188087 0.11371300231099 0.0895931733264177 0.0638962042527241 0.137154943722235 0.112145486569242 0.0810003810560218 0.0798488420791302 0.0861460980034872 0.0842913891428585 -9999 -9999 -9999 -9999 -9999 -9999 -9999 -9999 -9999 -9999 -9999 -9999 -9999 -9999 -9999 -9999 -9999 -9999 -9999 -9999 -9999 -9999 -9999 -9999 -9999 -9999 -9999 -9999 -9999 -9999
0.192878152888342 0.191080183840364 0.219978181813656 0.194579659748443 0.206741117825496 0.260679179685711 0.147686428298467 0.154837584496525 0.284139400486472 0.19784376168305 0.171326671673371 0.166823323547993 0.149594960055611 0.156263281119163 0.160643424441583 0.1342571404594 0.0978384476370796 0.0834527799302624 0.0889255159056557 0.0898277667020053 0.0823454907010423 0.0770963341330154 0.127141974610954 0.144745019746082 0.0790962860649066 0.0921978771316776 0.089811295610842 0.0869613722915765 0.0818444756785527 0.0791988500671816 0.0840267892597563 0.0813309892496289 -9999 -9999 -9999 -9999 -9999 -9999 -9999 -9999 -9999 -9999 -9999 -9999 -9999 -9999 -9999 -9999 -9999 -9999 -9999 -9999 -9999 -9999 -9999 -9999 -9999 -9999 -9999 -9999 -9999
0.235689455139499 0.280979135266392 0.247517207487799 0.177519957500082 0.132606479194711 0.143167004353592 0.219448590756464 0.279079074021408 0.15340094105753 0.157940543449087 0.20436439092465 0.188492661150098 0.187754045302155 0.150579817656651 0.0976810285020038 0.0854770466981307 0.0564064232162135 0.0577217704962098 0.0648192271619021 0.101282849825486 0.124233510601958 0.138012363757677 0.193730757595044 0.119393924124032 0.0819765787722034 0.106826098814059 0.159595101085323 0.138788882788505 0.116993280450584 0.0787597678616786 0.0798716276138047 0.0820416325332552 -9999 -9999 -9999 -9999 -9999 -9999 -9999 -9999 -9999 -9999 -9999 -9999 -9999 -9999 -9999 -9999 -9999 -9999 -9999 -9999 -9999 -9999 -9999 -9999 -9999 -9999 -9999 -9999 -9999
0.371755255482388 0.267870373945313 0.325887258119921 0.345746582278623 0.171377572753212 0.223167447172519 0.17783453040836 0.177612648140466 0.16050177891236 0.181183866308051 0.189002209586618 0.158690047586373 0.133673937232638 0.115776182549032 0.108992573779896 0.0797486237203488 0.0553280834186861 0.059193641081913 0.0735159909647158 0.0887006030779208 0.0817897241911511 0.0995097069084925 0.142782953027079 0.0757352394749704 0.130732327953405 0.0906245101194744 0.13330414107289 0.101667865948273 0.0816703800208727 0.0849747299783489 0.08498303533131 0.0830812925062581 -9999 -9999 -9999 -9999 -9999 -9999 -9999 -9999 -9999 -9999 -9999 -9999 -9999 -9999 -9999 -9999 -9999 -9999 -9999 -9999 -9999 -9999 -9999 -9999 -9999 -9999 -9999 -9999 -9999
0.228308923819181 0.2649368723171 0.314568354889583 0.179393621338703 0.157295615679609 0.238422234060482 0.209763658441721 0.178617354609519 0.179936482253473 0.203524894113642 0.256316034563249 0.222936959075814 0.127302583512321 0.0951087030090592 0.0966556452727428 0.112152174615819 0.0985651406114004 0.0654135702618174 0.0684804392102592 0.0848069579968677 0.08716216554831 0.0912086762004229 0.0603259378036244 0.12467571457128 0.107095614253848 0.087658756219192 0.0898878837860805 0.093199570008661 0.0832343577064752 0.0874179517923372 0.087961265794337 0.087317424784512 -9999 -9999 -9999 -9999 -9999 -9999 -9999 -9999 -9999 -9999 -9999 -9999 -9999 -9999 -9999 -9999 -9999 -9999 -9999 -9999 -9999 -9999 -9999 -9999 -9999 -9999 -9999 -9999 -9999
0.176821548616454 0.149360508743567 0.188123288356133 0.183327612216815 0.208030568880721 0.285205788237054 0.254199692716126 0.169422698033095 0.117306877289442 0.104520305921302 0.150199776043224 0.163884696693063 0.138948726852903 0.100895531416504 0.0559913861604571 0.126296446437918 0.109262374011083 0.0674908343491526 0.0666422839876767 0.0650125347090449 0.0762038239050719 0.0877576748657215 0.0913140994923738 0.0814678001885337 0.127765769359829 0.0867243363314436 0.098632826298635 0.0985428898814149 0.0914539462336036 0.0915933613028321 0.0884990925156992 0.0748245393729497 0.0710295855878251 -9999 -9999 -9999 -9999 -9999 -9999 -9999 -9999 -9999 -9999 -9999 -9999 -9999 -9999 -9999 -9999 -9999 -9999 -9999 -9999 -9999 -9999 -9999 -9999 -9999 -9999 -9999 -9999
0.113927934970324 0.087789850243476 0.110883938214605 0.172162887548805 0.188564899346179 0.222406277050475 0.108514566415183 0.07144040107943 0.116289499223979 0.144929510327012 0.138916782198109 0.103373993316254 0.058033522830266 0.0580893242870573 0.0615278892164279 0.0838760973905498 0.0914389750797111 0.0534830859396098 0.0537762655445743 0.0691700698668987 0.0672110082082905 0.0841692097485858 0.0900547798358218 0.0794555786721316 0.0945334559502451 0.0843277491259665 0.0950587304896501 0.0926707046820757 0.0840719588186609 0.0671392522765813 0.0691875733573301 0.0656419347769343 0.0702738971651618 -9999 -9999 -9999 -9999 -9999 -9999 -9999 -9999 -9999 -9999 -9999 -9999 -9999 -9999 -9999 -9999 -9999 -9999 -9999 -9999 -9999 -9999 -9999 -9999 -9999 -9999 -9999 -9999
0.130239332993729 0.106458416069447 0.0849309922723076 0.0739926907046403 0.0715864286914478 0.0661933390322836 0.06925099533768 0.0709501590775647 0.103549683449897 0.0688649670588327 0.0680019630915065 0.0666470906508354 0.0655577716416277 0.0653232086176121 0.0649117240664898 0.056031647178763 0.0525794466228607 0.0730865091460803 0.106504670592591 0.0930802241789134 0.0612679121882706 0.0656261512715393 0.0746924864109285 0.0784407939200868 0.074414961670881 0.0796670128314441 0.0754379132265065 0.0789844758112428 0.0712967242889028 0.0674413609732012 0.0669152610968581 0.0675742491851107 0.067836341896108 -9999 -9999 -9999 -9999 -9999 -9999 -9999 -9999 -9999 -9999 -9999 -9999 -9999 -9999 -9999 -9999 -9999 -9999 -9999 -9999 -9999 -9999 -9999 -9999 -9999 -9999 -9999 -9999
0.173171813639754 0.117532561928541 0.100205519232766 0.081444025781235 0.0725109187090499 0.0713412697079262 0.0635314632556884 0.0640089188632341 0.072234829460935 0.0725179256087478 0.0927326094389663 0.125229557660649 0.12966398881399 0.096790459645265 0.0694390549706956 0.0551990419883728 0.0525818638346699 0.0540451049257259 0.145295033989084 0.097495289484337 0.0547370071063977 0.07891825812277 0.0672014737594738 0.0755272515732607 0.0624985384884912 0.0572535888237367 0.0585511267842327 0.0642786539170661 0.062029794709176 0.0714071710141381 0.0749934491242992 0.0688346099321783 0.0738352574910901 0.0716997121871511 -9999 -9999 -9999 -9999 -9999 -9999 -9999 -9999 -9999 -9999 -9999 -9999 -9999 -9999 -9999 -9999 -9999 -9999 -9999 -9999 -9999 -9999 -9999 -9999 -9999 -9999 -9999
0.237356062614008 0.151854526783744 0.105456864867622 0.0852151049184457 0.0723366406480904 0.074189121693603 0.0635158756835186 0.0621815070362659 0.0634041386950786 0.0767117113257418 0.096204616918435 0.0770564391208332 0.0616622562298191 0.0604904789379928 0.0676258042430179 0.0918489175155639 0.129526875756128 0.13240719686022 0.0715475938887816 0.0579996923148478 0.063482854308712 0.0618317991365645 0.054891900847549 0.0872622758401018 0.085861429028491 0.0569948653570168 0.0576950618676063 0.0630094321559636 0.0640124462057167 0.0716752569850184 0.0891088441374175 0.10396848254154 -9999 -9999 -9999 -9999 -9999 -9999 -9999 -9999 -9999 -9999 -9999 -9999 -9999 -9999 -9999 -9999 -9999 -9999 -9999 -9999 -9999 -9999 -9999 -9999 -9999 -9999 -9999 -9999 -9999
0.239244930118265 0.154427291913705 0.109206334861603 0.0849875487823552 0.0714898312360882 0.0692148397321997 0.067593006279407 0.0607485674054146 0.0613247256068623 0.0613597793402533 0.0777927571862406 0.0739697170014786 0.0587274066563789 0.0590323232743244 0.0588563996709593 0.0607652520554983 0.0628495563812634 0.062490295718338 0.0614757012813462 0.0512508978664113 0.0508426094377571 0.05740396566297 0.0566833321061797 0.110131812554052 0.0466203428647329 0.0489762042298645 0.0965154191474094 0.0661757371392838 0.0686791011650548 0.1012036088343 0.136417433652262 0.0944158039405081 -9999 -9999 -9999 -9999 -9999 -9999 -9999 -9999 -9999 -9999 -9999 -9999 -9999 -9999 -9999 -9999 -9999 -9999 -9999 -9999 -9999 -9999 -9999 -9999 -9999 -9999 -9999 -9999 -9999
0.2250997420297 0.160594476844787 0.109291921340429 0.085596838946312 0.0667918304481421 0.0656933050198041 0.0698419666777238 0.0598279147456044 0.0584446084526301 0.059184436842142 0.0580166914126625 0.0605620151319833 0.0604165224365515 0.0574347123384527 0.0566328195184899 0.0561208728959876 0.0530650583080826 0.0537144193901841 0.0627447971833374 0.055123858397734 0.056923877620968 0.0539777223842969 0.0531014631668334 0.0721215316002303 0.073070032397087 0.0444566743483515 0.0553345295151541 0.0565510070925423 0.0664149191566504 0.093074841514942 0.0960631187878712 0.075385415464608 0.126785754567404 0.105926982940641 -9999 -9999 -9999 -9999 -9999 -9999 -9999 -9999 -9999 -9999 -9999 -9999 -9999 -9999 -9999 -9999 -9999 -9999 -9999 -9999 -9999 -9999 -9999 -9999 -9999 -9999 -9999
0.221504363444266 0.212035963207888 0.11727347735197 0.09324439602995 0.07033134088921 0.0662373674384436 0.062278913183356 0.0591481830954463 0.0550383976080364 0.0549880381504047 0.0540142945608596 0.0484706259991648 0.0509476086356292 0.0496154662556685 0.0483469957074267 0.056166364128061 0.0563421116355554 0.0538448407787141 0.0579578343101248 0.0578300441425913 0.0632504873121386 0.0532210676254994 0.0908384785742231 0.0606759702375205 0.0717216426037792 0.0455972263957977 0.0545554668439207 0.0593694173204485 0.0559855473181817 0.0564777767552859 0.0671587776308004 0.089188942948223 0.0680731754228342 0.0707204869721638 0.105188078652672 -9999 -9999 -9999 -9999 -9999 -9999 -9999 -9999 -9999 -9999 -9999 -9999 -9999 -9999 -9999 -9999 -9999 -9999 -9999 -9999 -9999 -9999 -9999 -9999 -9999 -9999
