Webinar-7-31-2019/data/PredictionGrids_CV_example/preds_0.5_TD200.asc
NCOLS 250 
NROWS 718 
XLLCORNER -2256000 
YLLCORNER 1557000 
CELLSIZE 1000 
NODATA_value -9999 
[rows 648 to 674 of 718, columns 183 to 243 of 250]
0.234655675638169 0.198721399565172 0.276213307957768 0.238828652107786 0.193441926847672 0.192302875466126 0.182535717101408 0.207947826110617 0.185104357222478 0.225585662159161 0.252387792591062 0.213658875005292 0.206296328941947 0.195174881077509 0.210049184849762 0.216916781902993 0.181104699550854 0.170436674860358 0.163799100341303 0.171688817677985 0.172558209757909 0.203379499855488 0.212089864917557 0.210108693255328 0.204296973965021 0.1972680598038 0.193051329985043 0.197264160602391 0.191553721104258 0.188864134784705 -9999 -9999 -9999 -9999 -9999 -9999 -9999 -9999 -9999 -9999 -9999 -9999 -9999 -9999 -9999 -9999 -9999 -9999 -9999 -9999 -9999 -9999 -9999 -9999 -9999 -9999 -9999 -9999 -9999 -9999 -9999
0.246191478716116 0.206684687170646 0.256247908626236 0.289225381174791 0.218185337997112 0.197877856369284 0.18547389152173 0.197493889840472 0.205500437963384 0.251481833577269 0.245395937390383 0.200361511695965 0.28406789731583 0.219242497666919 0.23826711067207 0.186269453632688 0.190434320924356 0.181804636568858 0.172722249174769 0.170735635020272 0.178211410276345 0.200397754682486 0.20008659958276 0.205873326100431 0.198957457855155 0.188197010249398 0.177617138249806 0.20805683564348 0.157315525429284 0.161445768084822 -9999 -9999 -9999 -9999 -9999 -9999 -9999 -9999 -9999 -9999 -9999 -9999 -9999 -9999 -9999 -9999 -9999 -9999 -9999 -9999 -9999 -9999 -9999 -9999 -9999 -9999 -9999 -9999 -9999 -9999 -9999
0.196517297903195 0.217183978504783 0.200798276884226 0.241446038154457 0.249602201570653 0.186486535789679 0.182659334452546 0.185045683467037 0.191187144406059 0.208665560623564 0.243700476950682 0.216660749720285 0.293037424258347 0.284721918191064 0.227707719033554 0.207330566941313 0.199574484465566 0.202548662315884 0.173778716462502 0.176082290194659 0.172942098576368 0.174059797354595 0.182218828093703 0.204240157508406 0.194142743784852 0.196392763680964 0.181627024788834 0.202956510302864 0.315293645292764 0.317162174410469 0.313415619133613 -9999 0.197474675467039 -9999 -9999 -9999 -9999 -9999 -9999 -9999 -9999 -9999 -9999 -9999 -9999 -9999 -9999 -9999 -9999 -9999 -9999 -9999 -9999 -9999 -9999 -9999 -9999 -9999 -9999 -9999 -9999
0.294702027699101 0.197929091004007 0.179464720512129 0.177890732233384 0.176702293731095 0.17391915894955 0.17486603367926 0.188580060084345 0.197106166311839 0.211657914548499 0.245762187395323 0.190658922670826 0.179087480229168 0.240958378733874 0.203160405278392 0.192244274598461 0.192062391475825 0.192237969246674 0.170361512703312 0.169861595290734 0.165721559245179 0.164352413931221 0.205796965949746 0.194201805081964 0.198576360045194 0.287162839906723 0.210105406338251 0.248163172153174 0.311508220137835 0.181023926117266 0.172587981833311 0.269941554006276 0.200034599019019 -9999 -9999 -9999 -9999 -9999 -9999 -9999 -9999 -9999 -9999 -9999 -9999 -9999 -9999 -9999 -9999 -9999 -9999 -9999 -9999 -9999 -9999 -9999 -9999 -9999 -9999 -9999 -9999
0.287688887239888 0.24270399096954 0.198181058718487 0.178083395003313 0.20514961529188 0.218314245588991 0.172833330937298 0.184479183891587 0.187799350646571 0.165175505120641 0.227470014497687 0.179323348973188 0.0707882284985421 0.0832724224315104 0.0627283357699963 0.15947261167465 0.0816197998745926 0.163822292477381 0.192693692972642 0.179859707145175 0.172570407792339 0.246659170509893 0.264013538362743 0.27007717659828 0.307727053046434 0.243509064247912 0.288545356315735 0.231796747891221 0.273101675413481 0.181120323674636 0.183799370724646 0.217427952189536 0.281855299420984 0.267647119127737 0.357800535412874 -9999 -9999 -9999 -9999 -9999 -9999 -9999 -9999 -9999 -9999 -9999 -9999 -9999 -9999 -9999 -9999 -9999 -9999 -9999 -9999 -9999 -9999 -9999 -9999 -9999 -9999
0.287645001514223 0.253870113877085 0.192198680044888 0.196470876716013 0.236795178177768 0.217354738126752 0.159198763360899 0.159805790039585 0.0691503950261772 0.0647963322843934 0.0783248101654144 0.0816103255568145 0.0698547144665173 0.0808719476060644 0.0719316266972794 0.0754621456821489 0.0829155025115608 0.0874548777198853 0.23668620862359 0.246750668200652 0.308519927890512 0.267737640151497 0.282245194655811 0.27753312996266 0.237773037738044 0.207944813797731 0.207968816434356 0.199623307391727 0.196921031684259 0.188855356663202 0.192964111095442 0.240648196638546 0.240350967835613 0.185963561675463 0.208203218942516 0.282987499173292 0.244919475616224 -9999 -9999 -9999 0.253463786233481 -9999 -9999 -9999 -9999 -9999 -9999 -9999 -9999 -9999 -9999 -9999 -9999 -9999 -9999 -9999 -9999 -9999 -9999 -9999 -9999
0.317810169609684 0.267613185720434 0.24872711606233 0.234545027894973 0.239812072825227 0.100408626170649 0.108741296898709 0.123110465585344 0.116511029176437 0.0825442536224447 0.0713925964337851 0.0815604878026416 0.0667516454804593 0.0802762699428074 0.0800773745406801 0.0695537598282356 0.0701259931946969 0.0724576222569823 0.107137832919792 0.203785340495322 0.195109888266618 0.204728506751893 0.227809418341464 0.229005235613637 0.235072975608846 0.209051084007146 0.196724984065586 0.188128745685088 0.189310053256729 0.189986958633419 0.201564197875108 0.185582698842763 0.191435699396296 0.195878836240514 0.253700828381009 0.268338731450448 0.343847562694563 0.329691241698614 0.366306504284797 0.291831758441981 0.255980738769537 -9999 -9999 -9999 -9999 -9999 -9999 -9999 -9999 -9999 -9999 -9999 -9999 -9999 -9999 -9999 -9999 -9999 -9999 -9999 -9999
0.134975472526072 0.152442725169268 0.175863020052131 0.135905706388698 0.127869403255084 0.105396681115902 0.096770490830831 0.112905980157049 0.0916047743302806 0.110527213104748 0.103958740455684 0.0862893424886034 0.0702407747616081 0.0798004696382184 0.076295788234091 0.096956998639101 0.0939749796937889 0.0966542668582585 0.0570107138604675 0.0592193827072784 0.162762693565878 0.169321406538716 0.187886642480039 0.229633170588031 0.225580729520029 0.202774554022727 0.185614742319505 0.185540405826588 0.182485472053285 0.194135829387277 0.197654542953584 0.200677503065244 0.180949647270425 0.198452303162073 0.176677128658294 0.177668928965958 0.214612054770637 0.278604347198371 0.216489365432782 -9999 -9999 -9999 -9999 -9999 -9999 -9999 -9999 -9999 -9999 -9999 -9999 -9999 -9999 -9999 -9999 -9999 -9999 -9999 -9999 -9999 -9999
0.203190260228351 0.163941745597543 0.153399329819724 0.155728930405565 0.154351326704035 0.14781550699523 0.148434300900274 0.139982565557388 0.144234666607986 0.136284554118462 0.126021384440769 0.118957652976254 0.125891701455518 0.0902663730937921 0.0817453037994813 0.0926701158410519 0.0546143124428599 0.0585777473082965 0.0572493555079277 0.0584652682215813 0.0591224990944992 0.132351124449795 0.16372568948474 0.197291475821091 0.186447763734092 0.183651587622688 0.179124611712468 0.180529370189318 0.176494446613384 0.183755385544437 0.183342446447842 0.177689230070026 0.176465976002525 0.192859879402657 0.188549147736717 0.172627453324894 0.181462544241127 0.187314845594312 0.25681100498763 -9999 -9999 -9999 -9999 -9999 -9999 -9999 -9999 -9999 -9999 -9999 -9999 -9999 -9999 -9999 -9999 -9999 -9999 -9999 -9999 -9999 -9999
0.199969212680935 0.182372243094401 0.157207785630898 0.157154148795793 0.152988941280976 0.150259588746002 0.124330174299889 0.144175927343458 0.0934451315940386 0.0856255895373552 0.0749550821946703 0.0621667845088225 0.0737362645945183 0.05928831838163 0.0596617177616623 0.0601575377945238 0.0585872330681912 0.0583606692158754 0.0586471963604412 0.0638088601155345 0.0580838947881621 0.0575819971807107 0.0544335377922966 0.0654918840067241 0.142671780163606 0.17981697441334 0.202471855595623 0.173149022141934 0.163802249164454 0.165344258850096 0.187609647837528 0.175918895185077 0.18779134847011 0.203448410570418 0.196318147712575 0.160314340859892 0.165602657557291 0.185284138413907 0.215307241071751 0.18787135047261 0.167524182429253 0.167744502473891 -9999 -9999 -9999 -9999 -9999 -9999 -9999 -9999 -9999 -9999 -9999 -9999 -9999 -9999 -9999 -9999 -9999 -9999 -9999
0.214613509225549 0.193403721950369 0.167776494215941 0.157994627839054 0.159196647456671 0.149579234236747 0.096840486146383 0.0945718927253553 0.0950952322085966 0.0853485640378286 0.059758462188924 0.0495696119195554 0.072661828355252 0.0654129719887363 0.0595832464832361 0.0603608546061726 0.0591403308899512 0.0610344831631558 0.0632841938736046 0.0649881528849895 0.0578807681050594 0.0576571613102762 0.080844876618194 0.0798717847822412 0.0669978714358748 0.165771832984155 0.192200043634647 0.168493781426405 0.207071540040165 0.169537708851154 0.184197076669529 0.179432787140186 0.188774829064796 0.186389548050527 0.197948410463767 0.185694306130564 0.180756564249231 0.169252467296622 0.208354512248809 0.171959642617537 0.169984674247772 0.16560778313407 -9999 -9999 -9999 -9999 -9999 -9999 -9999 -9999 -9999 -9999 -9999 -9999 -9999 -9999 -9999 -9999 -9999 -9999 -9999
0.252280055473055 0.186660035528207 0.168639472021912 0.13427676972812 0.153267090157097 0.150849428503002 0.128953892779323 0.0789785754047239 0.077000936752461 0.0595592519132575 0.0619855444882423 0.0518012055168567 0.0637699196143362 0.0639645039460476 0.0597654936333869 0.0608289766176355 0.0593748149308729 0.0616143944261638 0.0634804905302653 0.064904701154429 0.0644572876155743 0.0570155740210921 0.0760183525091849 0.0757637725693809 0.0680374287029888 0.0626517637356694 0.162683945942054 0.211827035080739 0.219063579467981 0.165973264026706 0.184198296279962 0.232617567662056 0.191837206587475 0.183638731147234 0.18953382992468 0.172628881674439 0.163562217344464 0.159262605412685 0.187347211694181 0.19481288682739 0.173322162463473 -9999 -9999 -9999 -9999 -9999 -9999 -9999 -9999 -9999 -9999 -9999 -9999 -9999 -9999 -9999 -9999 -9999 -9999 -9999 -9999
0.2719926675814 0.217486596729598 0.142238366718943 0.11127302981242 0.098077718760117 0.100054493609586 0.0961271102036178 0.0836460322146218 0.0830257964637334 0.0653131761568236 0.0638104787160223 0.0570267847928113 0.0701113831702204 0.0629998075924359 0.0624872234066754 0.0649915836979778 0.0552673490461567 0.063102140239923 0.0639506396519193 0.0648649711951026 0.0651594447872441 0.0577793952889481 0.0674500278784245 0.0871777077985536 0.0921860943030241 0.0600353797786754 0.147794346736202 0.158803061298579 0.165862406904187 0.168037848761901 0.156944963384308 0.200812969917908 0.166750124097015 0.214098766714986 0.178839401470547 0.179415896840254 0.16824806366287 0.161851052820723 0.161647804519985 -9999 -9999 -9999 -9999 -9999 -9999 -9999 -9999 -9999 -9999 -9999 -9999 -9999 -9999 -9999 -9999 -9999 -9999 -9999 -9999 -9999 -9999
0.254099134904375 0.173850348963031 0.190929155269266 0.150308116456271 0.109216221688289 0.100005771327694 0.0953067989368599 0.0933608803352995 0.0927771814192032 0.0705648537927696 0.0690497529388978 0.0618658945543251 0.0508333160141815 0.0511440638778458 0.0692974935753367 0.0684244897046307 0.0561702430321477 0.0507793658925409 0.0630113640128337 0.0599707209362485 0.0624306855699025 0.0603333634714679 0.0983841593929501 0.15184316015179 0.062735615698559 0.164492986780381 0.141903737217127 0.150189708580349 0.163297565734977 0.137192162748547 0.157244923340821 0.182044922911863 0.180886455187005 0.212908143273739 0.197753409809198 0.149139084302918 0.155666788296438 0.171504816323743 0.165720321226491 0.160161849628017 0.175748809885362 -9999 -9999 -9999 -9999 -9999 -9999 -9999 -9999 -9999 -9999 -9999 -9999 -9999 -9999 -9999 -9999 -9999 -9999 -9999 -9999
0.255827355011672 0.244302778554303 0.190256808322039 0.167362472795734 0.120246264312536 0.107835763886246 0.0952936530202649 0.0924790698426529 0.0720706916191851 0.068524732861113 0.0608984079355274 0.0610923309470701 0.0509088989817138 0.0524384035211071 0.0512432212943113 0.0538255854565171 0.0527089541349902 0.0528286811797084 0.06463149194282 0.0680228838350177 0.0632803657940805 0.0683743170785061 0.106587660498081 0.115785630566116 0.082656738937198 0.169579495420976 0.159813098293452 0.158060322398484 0.154965976022661 0.155149782927633 0.155626509090648 0.177032316756653 0.164837199154552 0.172926877382882 0.152717428349041 0.146694880982984 0.163651103453834 0.176255877244803 0.171731459188555 0.163296348572929 0.165839421109737 -9999 -9999 -9999 -9999 -9999 -9999 -9999 -9999 -9999 -9999 -9999 -9999 -9999 -9999 -9999 -9999 -9999 -9999 -9999 -9999
0.248809050399133 0.230807026870201 0.23018294819721 0.251342047880871 0.162200303482112 0.126926604744344 0.10697818204829 0.0772389654075376 0.0707917598599977 0.0677874161865582 0.0629246946703179 0.0657387823364243 0.0518843289140769 0.0512906954698722 0.0560164734432373 0.055082674314506 0.0496734997214565 0.0485171771355779 0.0619104475033474 0.0657883232091009 0.064788298459082 0.0647034645179495 0.054692453511528 0.0684418114687103 0.0863819275047602 0.191457732028744 0.183131998547315 0.155567726805882 0.171978926449155 0.172512429086177 0.154315009642143 0.156523179826788 0.175570436549721 0.174092796249955 0.159434938777331 0.16665944826065 0.143466502248804 0.1683264598486 0.171420282797381 0.163368806644651 0.166751636513514 0.167619406830605 0.171781280482182 -9999 -9999 -9999 -9999 -9999 -9999 -9999 -9999 -9999 -9999 -9999 -9999 -9999 -9999 -9999 -9999 -9999 -9999
0.364394880847088 0.266836246781294 0.242965439514361 0.274136809051179 0.16456282365709 0.15465721865525 0.128120464248787 0.0910589108856329 0.0792887685160607 0.0679047427543117 0.0700901243459719 0.0615675014713431 0.0551101089262119 0.0506572917067807 0.0533538633040387 0.0556784743287067 0.0481663290038286 0.0472824621190527 0.0467185975769832 0.0471673842366427 0.0460295694907516 0.0503399928752989 0.0565072481885509 0.0751643835534832 0.0938628791887297 0.194625638704782 0.184212791017811 0.137472761805911 0.162864273075597 0.168326030969156 0.167449784241704 0.151929314894389 0.15843807976001 0.159832787592307 0.140032621228336 0.1519626148783 0.160655225628025 0.161393424483057 0.143914509115957 0.168350142062995 0.168526044618251 0.17560862354565 0.175992327563461 -9999 -9999 -9999 -9999 -9999 -9999 -9999 -9999 -9999 -9999 -9999 -9999 -9999 -9999 -9999 -9999 -9999 -9999
0.437812895321564 0.319187013512539 0.301829558291514 0.267234318605217 0.285165329946254 0.254328139141789 0.215651335786288 0.186612164141813 0.125292286261662 0.0755271374522759 0.0679095262901392 0.0740375305188797 0.0570199961332939 0.0569267602032065 0.0583698701339758 0.0577831017437629 0.0489955456506082 0.0472003684439831 0.0457429942283173 0.0492081795722375 0.049152995456527 0.0583835806902688 0.0787633144326652 0.106800600267161 0.242490257760887 0.199302157209452 0.162379569590039 0.150518039579046 0.14985062059999 0.1605652457731 0.163070584144635 0.150965983478967 0.164980908564456 0.140533666479827 0.130078718913308 0.128136870010897 0.143273447994901 0.153663037905424 0.151918963632567 0.166392556776726 0.138129549304369 0.159067801092137 0.166063141866522 -9999 -9999 -9999 -9999 -9999 -9999 -9999 -9999 -9999 -9999 -9999 -9999 -9999 -9999 -9999 -9999 -9999 -9999
0.349022697309301 0.332646975062121 0.351542729002677 0.363361217480782 0.283695063574116 0.29571138787093 0.379065545354266 0.292160622760854 0.258656165895678 0.182027652374113 0.141841915367686 0.109079951640394 0.0613179417283871 0.0617218998900244 0.0580416718112246 0.058952381256094 0.0509222663939209 0.0480002021647033 0.0526777082271156 0.102916584679078 0.0537255041416666 0.0584372887667789 0.0519477766432023 0.103972533172677 0.196508432319586 0.157621830208295 0.155982569689379 0.157440333630843 0.133379619097616 0.135339913521177 0.139418607650887 0.15289795516138 0.136340862100264 0.132297833866117 0.128915905323739 0.141361550390969 0.138163415648483 0.139045017057066 0.14651229830579 0.144044355282918 0.152323208272555 0.129983456224654 0.157278024759438 -9999 -9999 -9999 -9999 -9999 -9999 -9999 -9999 -9999 -9999 -9999 -9999 -9999 -9999 -9999 -9999 -9999 -9999
0.326271790462208 0.403909412817925 0.408348321196481 0.35319855377741 0.340805966374692 0.300811165278874 0.436979291295395 0.388400648399702 0.321717834230826 0.165278664937994 0.194337967153479 0.168753646429014 0.0824489447950875 0.104943791980064 0.124722429929681 0.113597988706338 0.0538985209142651 0.046379081982323 0.0641364188973617 0.160839403125235 0.0711988637525593 0.0698366553662277 0.0642104935053834 0.0686078091279175 0.214373064206668 0.182860298851743 0.147146731627888 0.143291166674358 0.117241920272221 0.117193169832077 0.113880753112358 0.153429266433097 0.154997240184392 0.164376415809203 0.164767857523149 0.140195800419368 0.144444258540228 0.143545959041783 0.16172647343096 0.160436889232002 0.162931598612743 0.160061725128995 0.145894109110957 -9999 -9999 -9999 -9999 -9999 -9999 -9999 -9999 -9999 -9999 -9999 -9999 -9999 -9999 -9999 -9999 -9999 -9999
0.323060928685112 0.37839307338287 0.401965767454522 0.351238253169552 0.332003863050506 0.436482625160902 0.525614717638663 0.396192745261129 0.298362718112416 0.311704057318872 0.282514218884192 0.172972357029672 0.118558024515811 0.168969599458018 0.161891595311879 0.142301087065938 0.134783606079112 0.108028096846947 0.102678776152038 0.0760722919000902 0.0565750921444343 0.0714694346691594 0.0732240185973114 0.0929334381803457 0.208802649243543 0.175141844246106 0.1440832950732 0.134221570600088 0.169707905908288 0.162918099549843 0.161630018572135 0.156258623846296 0.155306141321112 0.151497844361072 0.169021137894368 0.16069883835393 0.163162001249367 0.171665752859696 0.15655513374848 0.14996913618671 0.136414526878626 0.134848618641523 -9999 -9999 -9999 -9999 -9999 -9999 -9999 -9999 -9999 -9999 -9999 -9999 -9999 -9999 -9999 -9999 -9999 -9999 -9999
0.639784629764518 0.527646136452504 0.324293745062552 0.316013038842392 0.314154621305065 0.346242054547746 0.493887547614858 0.432420240295219 0.339383497320028 0.344983496088035 0.354609362824772 0.227948124822362 0.25382646684689 0.228558570390413 0.194154716229803 0.15206972291033 0.120622613018635 0.148864917657992 0.127629682198813 0.125864291780831 0.145718487247276 0.0778093695859894 0.0742308976683348 0.19737842874175 0.146913437214776 0.207713088085296 0.213078158198055 0.216279991356664 0.173749134107796 0.164008983128428 0.130841295794938 0.129286918773995 0.160392096563579 0.167382528887542 0.167382528887542 0.16079009808968 0.182090495247583 0.196446133158805 0.145702351258883 0.173737019434154 0.172668552467926 0.169681794027918 -9999 -9999 -9999 -9999 -9999 -9999 -9999 -9999 -9999 -9999 -9999 -9999 -9999 -9999 -9999 -9999 -9999 -9999 -9999
0.589313234756076 0.438542879298111 0.474843282268947 0.410249514472631 0.323652219980356 0.297923319888184 0.296102698009215 0.419409107542837 0.51206580581387 0.356886545333821 0.209469334396579 0.332409241985814 0.468913266094587 0.323952748186931 0.274869055176347 0.191800168099778 0.167297709146517 0.176580220671791 0.157111885114406 0.1321577622384 0.137588519105825 0.0576680430985875 0.0567938740593913 0.150697005526817 0.180593607481606 0.233842269855783 0.21973929989204 0.192042924035635 0.141382388485434 0.132756269289276 0.132728161565187 0.131240699049617 0.13663904873458 0.140725872596677 0.174269987432672 0.162988163046901 0.205982896351648 0.196346367442632 0.188922679997815 0.169706008848628 0.160987476127792 0.182410074879859 -9999 -9999 -9999 -9999 -9999 -9999 -9999 -9999 -9999 -9999 -9999 -9999 -9999 -9999 -9999 -9999 -9999 -9999 -9999
0.433054872899036 0.535892898691248 0.616778940792786 0.568831294589526 0.344139039849401 0.318220554479843 0.515260029823018 0.576333295387261 0.562009895992344 0.493891934938377 0.246493417942754 0.440175465846721 0.377475606275337 0.441766373536514 0.417055799561982 0.414409683783596 0.239801699255162 0.313073492631314 0.263116112292697 0.238323648718203 0.11955908308224 0.0593375975926564 0.154312829403186 0.195607921145429 0.214189408442478 0.213400239234396 0.186557680334733 0.180488176633421 0.154117332286732 0.146317358210703 0.151730256412239 0.146003857142753 0.154573709344538 0.166019000557362 0.198814005745296 0.153083108185279 0.206665446463764 0.193748914170772 0.180648075351559 0.146925608483703 0.150934193776541 0.171374188621124 -9999 -9999 -9999 -9999 -9999 -9999 -9999 -9999 -9999 -9999 -9999 -9999 -9999 -9999 -9999 -9999 -9999 -9999 -9999
0.585797701398737 0.489383805855275 0.431619905880303 0.6664489131603 0.567673306876162 0.537574182204362 0.520390521332783 0.573426533158857 0.572027309584005 0.319584606626012 0.516522406720981 0.303080027151872 0.396786001119205 0.569819442720766 0.504707242376694 0.478562095679556 0.343704889133912 0.414310318902361 0.361960990959075 0.360413526389537 0.0704005403306644 0.147494988384669 0.17354034778745 0.203550149809962 0.192519827137278 0.210073415760599 0.183520337291551 0.177081902355408 0.176028858112061 0.164489389419584 0.133863508231841 0.133521213966167 0.128955579664977 0.150498873643071 0.159372596157773 0.164885922983343 0.207432158719247 0.178995986998689 0.196812710745133 0.149693626612202 0.140436147737581 -9999 -9999 -9999 -9999 -9999 -9999 -9999 -9999 -9999 -9999 -9999 -9999 -9999 -9999 -9999 -9999 -9999 -9999 -9999 -9999
0.634031047577055 0.508604079595942 0.456878246131194 0.627349300756149 0.643712159336594 0.619031149700729 0.58236536063072 0.546891807136999 0.481950749991054 0.410696838161684 0.552159472689297 0.359394290248444 0.415457062840396 0.614592214650792 0.432836733275458 0.475497901865283 0.418734251500944 0.367330940506292 0.385011451104303 0.294922414759881 0.220615004650894 0.210748194625188 0.174664224578801 0.23232477322995 0.229915449542052 0.194712664524329 0.182610825890638 0.195326445001377 0.176794317210456 0.153876043875342 0.14476648152841 0.143252772840127 0.134419516123387 0.137713209883997 0.144443502437102 0.145214304036188 0.173374957184118 0.180890050081395 0.170934575726174 0.194178900244293 -9999 -9999 -9999 -9999 -9999 -9999 -9999 -9999 -9999 -9999 -9999 -9999 -9999 -9999 -9999 -9999 -9999 -9999 -9999 -9999 -9999
0.760475348956016 0.673484739451559 0.752407816028098 0.774439474195483 0.780072054901047 0.657764426839845 0.648429730809538 0.602045452446242 0.492016483768543 0.515825155294287 0.545876711801905 0.392044323966951 0.52182017535843 0.588394805296917 0.457991637084774 0.518093133485933 0.672849799895281 0.61577471336551 0.612445727329198 0.600481491621708 0.332034673645916 0.293151225299392 0.170613172700105 0.22913683464638 0.228080088672461 0.229028210849036 0.195705338056671 0.184888197951118 0.173483865300395 0.170293873454817 0.161358055892202 0.138686991819669 0.136763288807433 0.145244686539789 0.147076521617882 0.146553699365814 0.141396700014224 0.145783167600781 0.172407603316172 0.177195068196153 -9999 -9999 -9999 -9999 -9999 -9999 -9999 -9999 -9999 -9999 -9999 -9999 -9999 -9999 -9999 -9999 -9999 -9999 -9999 -9999 -9999
