Webinar-7-31-2019/data/PredictionGrids_CV_example/preds_0.5_TD200.asc
NCOLS 250 
NROWS 718 
XLLCORNER -2256000 
YLLCORNER 1557000 
CELLSIZE 1000 
NODATA_value -9999 
[rows 513 to 539 of 718, columns 183 to 243 of 250]
0.0349421818689784 0.0393728937065025 0.0396349474318554 0.0395858984665104 0.0583344390310264 0.0349323837980893 0.0346209904567306 0.0329895624945935 0.0355395110634832 0.0341809839422087 0.0347503257749198 0.0327872633417897 0.0320866643316089 0.0468599788111654 0.0562765746428406 0.0360059720448208 0.0342515027476626 0.0315126509410935 0.0323624581991724 0.0305110462013754 0.0301352719556282 0.0288883313758233 0.0270596009756393 0.0236991751168909 0.0239964801606549 0.0244797091073992 0.0252769678421881 0.0401965756872579 0.0460460413606538 -9999 -9999 -9999 -9999 -9999 -9999 -9999 -9999 -9999 -9999 -9999 -9999 -9999 -9999 -9999 -9999 -9999 -9999 -9999 -9999 -9999 -9999 -9999 -9999 -9999 -9999 -9999 -9999 -9999 -9999 -9999 -9999
0.0340867552934326 0.0433614581965074 0.0399176123173919 0.0391610983360776 0.0680731855413783 0.0320126105483915 0.0384458793628924 0.0350844441270437 0.0349787523629612 0.0337074022294713 0.0364020495145588 0.0317826376252128 0.0356269017567885 0.0449123695983113 0.0553348282503425 0.0370620716900615 0.0349344656155944 0.0351174087728695 0.0317020001684962 0.031000719370287 0.0299537013552085 0.0285184618159221 0.0278728725548603 0.0235591081508206 0.0234383994793144 0.0244189442101462 0.0258003862904353 0.037989584906433 0.0252450814411542 -9999 -9999 -9999 -9999 -9999 -9999 -9999 -9999 -9999 -9999 -9999 -9999 -9999 -9999 -9999 -9999 -9999 -9999 -9999 -9999 -9999 -9999 -9999 -9999 -9999 -9999 -9999 -9999 -9999 -9999 -9999 -9999
0.035164619273505 0.0348664024553562 0.0373708836574441 0.0360681135851885 0.0781032929886639 0.0368599825456263 0.0360382522722103 0.0331376884448218 0.0327176332451644 0.0361396557571303 0.0377497546559795 0.0321580334438464 0.0349353685132854 0.0483511979537324 0.0581606725122733 0.0375365807059272 0.0359818421892241 0.0355849901803271 0.0316215224395129 0.0319167451783536 0.0318899547005951 0.0294426044898744 0.0274176405036119 0.0277011654777423 -9999 0.0242438262251458 0.0355739599429929 0.0262630478036326 0.0368642100122344 0.0340724494558235 0.0344181902720004 -9999 -9999 -9999 -9999 -9999 -9999 -9999 -9999 -9999 -9999 -9999 -9999 -9999 -9999 -9999 -9999 -9999 -9999 -9999 -9999 -9999 -9999 -9999 -9999 -9999 -9999 -9999 -9999 -9999 -9999
0.0349845219987462 0.0334823352660872 0.032702031951908 0.0375457827094129 0.0705995907522458 0.0364669067453114 0.0323963369358503 0.0335004434586453 0.0334876733204971 0.0348965959882134 0.0361462766549559 0.0322143099794158 0.0593654387983993 0.0634915272663894 0.0323748711578611 0.0295376499074993 0.0321173144312231 0.0298644552534168 0.0316736733554537 0.0328556218455131 0.0306242405476205 0.031761180329923 0.0339013849523027 -9999 -9999 0.0246618899911853 0.0251038926832893 0.0382628350384715 0.0450676657958647 0.0485943296759007 0.0340848194334478 0.0355517384062992 -9999 -9999 -9999 -9999 -9999 -9999 -9999 -9999 -9999 -9999 -9999 -9999 -9999 -9999 -9999 -9999 -9999 -9999 -9999 -9999 -9999 -9999 -9999 -9999 -9999 -9999 -9999 -9999 -9999
0.0361371531192684 0.0354598186538118 0.0346872799741368 0.0488395347517302 0.0609233891815385 0.03595496829729 0.0398387093086829 0.0339044947023523 0.0338123408725918 0.034929159101178 0.0355888654278384 0.0721932520383614 0.0345543044416334 0.0336880054362503 0.0318880050805908 0.0294009775008444 0.0320718549368591 0.0325107913710023 0.0313710237532013 0.0336034449968009 0.0313294489556277 0.0290020964287753 0.0426252517832001 -9999 -9999 0.0255841996367365 0.0251638588916155 0.025030108270947 0.0339605342308408 0.0499209241835508 -9999 -9999 -9999 -9999 -9999 -9999 -9999 -9999 -9999 -9999 -9999 -9999 -9999 -9999 -9999 -9999 -9999 -9999 -9999 -9999 -9999 -9999 -9999 -9999 -9999 -9999 -9999 -9999 -9999 -9999 -9999
0.0365596632819056 0.05575575067442 0.0491793261553203 0.0591988802107801 0.0372103866786195 0.0376248147990144 0.0410232515310913 0.0345136213310361 0.0344017376545681 0.0345762963232814 0.0383092774029162 0.0687247227266192 0.0339955354280849 0.0335117955643342 0.0325779316505885 0.0311015867437473 0.0311843629089793 0.0290991590345419 0.0404221421252224 0.0451029446347671 0.0329052817338751 0.032359489437437 -9999 -9999 -9999 0.0247721638290826 0.0245158512898102 0.0305184259717772 0.0325601599023036 0.0417900782736758 -9999 -9999 -9999 -9999 -9999 -9999 -9999 -9999 -9999 -9999 -9999 -9999 -9999 -9999 -9999 -9999 -9999 -9999 -9999 -9999 -9999 -9999 -9999 -9999 -9999 -9999 -9999 -9999 -9999 -9999 -9999
0.0383439618787309 0.0754263115193399 0.0328284503302711 0.032135919098682 0.0365157199374262 0.0320708769919998 0.0335421032729155 0.0335114104660268 0.0329741111548794 0.0532525716063085 0.0601738616797935 0.0334582288503628 0.0340383277192891 0.0338555247323854 0.0339209775823853 0.0315238364479856 0.0304466794622327 0.0297836480063982 0.0437186311593808 0.0398185414548164 0.0322144627168433 0.0377772415600121 -9999 -9999 0.0308826038173858 0.0276571727783131 0.026742112409779 0.0314225412378719 0.0322640154128296 0.0355252371410811 0.0503882588824257 -9999 -9999 -9999 -9999 -9999 -9999 -9999 -9999 -9999 -9999 -9999 -9999 -9999 -9999 -9999 -9999 -9999 -9999 -9999 -9999 -9999 -9999 -9999 -9999 -9999 -9999 -9999 -9999 -9999 -9999
0.0492294794934058 0.0786340631648149 0.031988993524537 0.0316032439858537 0.0336170040523595 0.0329892696555724 0.0331865542131268 0.0324130111217564 0.0486845789592967 0.0602060595835733 0.0375212913136848 0.0330313473766428 0.0345050592487601 0.0343137760600993 0.0341420090325924 0.0311751067014671 0.0341774290728358 0.034578806702337 0.041945912589863 0.034133420476981 0.0358448657635878 0.0347458687439288 0.0308285380489457 -9999 0.0299244523318707 0.0281137714910737 0.0258877656083738 0.0357258744488024 0.0330302522749384 0.0321371878187077 0.0385337141170447 -9999 -9999 -9999 -9999 -9999 -9999 -9999 -9999 -9999 -9999 -9999 -9999 -9999 -9999 -9999 -9999 -9999 -9999 -9999 -9999 -9999 -9999 -9999 -9999 -9999 -9999 -9999 -9999 -9999 -9999
0.0494030463281403 0.0505618800633 0.0330843394685488 0.0326953187738801 0.0344287379573558 0.0369006870019922 0.0362254746048362 0.0325593654055751 0.0541555509274168 0.037316892426897 0.0361010823682621 0.0337516216919542 0.0347466146239468 0.0344154669612626 0.0338351537565704 0.0334519632277789 0.0437969933730409 0.0308618038400196 0.0413686499869236 0.03813461091419 0.0370249664816632 0.0339194626787684 0.0301645993418722 0.0329075031355357 0.0284125759839798 0.0274896397668831 0.0305949130680555 0.0331059618483849 0.0343872609995284 0.0335865289095769 0.0310644121963929 -9999 -9999 -9999 -9999 -9999 -9999 -9999 -9999 -9999 -9999 -9999 -9999 -9999 -9999 -9999 -9999 -9999 -9999 -9999 -9999 -9999 -9999 -9999 -9999 -9999 -9999 -9999 -9999 -9999 -9999
0.0529005472194025 0.0321812847609499 0.0325124601679088 0.0333588028030932 0.0367957988023262 0.0369832042745535 0.0476387363923054 0.0455975111425373 0.0481672572434623 0.032531216711932 0.0332223622650089 0.0336525485963488 0.0351122714917057 0.0346642069549533 0.0344351423736971 0.0381696313406698 0.0433582046211383 0.0365772086584986 0.0447719368898308 0.0430030234531576 0.0417172982238381 0.03824233256527 0.0382021789545286 0.0407385487948052 0.033676383037148 0.0338089046334925 0.0350112737868057 0.0350884754373679 0.0354158675437764 0.0414764414021876 0.033210163179983 0.0351553059785805 -9999 -9999 -9999 -9999 -9999 -9999 -9999 -9999 -9999 -9999 -9999 -9999 -9999 -9999 -9999 -9999 -9999 -9999 -9999 -9999 -9999 -9999 -9999 -9999 -9999 -9999 -9999 -9999 -9999
0.0328075475766317 0.0336530447934411 0.0327241287467598 0.0446420697354638 0.0334167249923102 0.0520501912043449 0.05044616589803 0.0356757864854272 0.0335874737177426 0.0368154253085101 0.0371607234588735 0.0371607234588735 0.0384691856312917 0.038962189532147 0.0347925769482461 0.0347135810228493 0.0342117395951353 0.0424723469137295 0.0444268610599073 0.0447191605873263 0.0386347508121677 0.0307007466754119 0.0418108830716611 0.0312253927437823 0.0292514153064861 0.0313880635469821 0.0244242113624777 0.0449594056253789 0.0312786491579291 0.0353335404024021 0.0371020176935275 0.0440667801286574 -9999 -9999 -9999 -9999 -9999 -9999 -9999 -9999 -9999 -9999 -9999 -9999 -9999 -9999 -9999 -9999 -9999 -9999 -9999 -9999 -9999 -9999 -9999 -9999 -9999 -9999 -9999 -9999 -9999
0.0415240097223193 0.0420212228659616 0.0397339890141411 0.0520399201941339 0.033511809987144 0.0543157593234299 0.0365025280745811 0.0347924756946646 0.037278974447903 0.0371699827288064 0.0379210300561457 0.0399857288664086 0.041627421632982 0.0417642180284303 0.0360165961472829 0.0471823380626598 0.0408790487505353 0.0430500191841597 0.0442696472127606 0.0346977898725895 0.0305396866179243 0.029893965578863 0.0303620198910666 0.0291762917188551 0.0323372716002293 0.0311323780782769 0.0273176672055571 0.0427998974735773 0.0332291545130533 0.033174178572468 0.0351376145565967 0.0364314539570949 -9999 -9999 -9999 -9999 -9999 -9999 -9999 -9999 -9999 -9999 -9999 -9999 -9999 -9999 -9999 -9999 -9999 -9999 -9999 -9999 -9999 -9999 -9999 -9999 -9999 -9999 -9999 -9999 -9999
0.0431825693339954 0.043275529916707 0.0809184076334327 0.0639496022606784 0.0686871110448375 0.0699181094883567 0.0362726947804862 0.0405014850518923 0.0403490843041506 0.0403490843041506 0.040242908548239 0.0415256236064094 0.0418627858520716 0.0425865869612598 0.0488345388984147 0.0524169888299278 0.0475194529796219 0.0435176617704505 0.041414340255567 0.0366260668739511 0.0343096669171096 0.032715558507788 0.0337486043797943 0.0310015952876625 0.032442447564292 0.0276247073448932 0.034666409352623 0.0318055274940382 0.0326578966795495 0.0321093115263499 0.0385121151132452 0.032712251181202 -9999 -9999 -9999 -9999 -9999 -9999 -9999 -9999 -9999 -9999 -9999 -9999 -9999 -9999 -9999 -9999 -9999 -9999 -9999 -9999 -9999 -9999 -9999 -9999 -9999 -9999 -9999 -9999 -9999
0.063497384057599 0.0418869854922229 0.0586605498747791 0.0728499678446991 0.0745764209633107 0.0367491116016929 0.0393697505012029 0.0386966609729405 0.0390593386739811 0.0406383798996394 0.04099219040705 0.0428243874267755 0.0385859086649223 0.0441279599902688 0.0508122667000746 0.0510488968127973 0.0489407130559576 0.0352768572671974 0.0377669752923339 0.033691867801573 0.0312746801384276 0.0309984881748921 0.0308456237333372 0.0330354531217758 0.0285847911576401 0.0263924635612831 0.0304552577309586 0.0278979934334906 0.0302093627411437 0.0348093318269098 0.0411469223485914 0.0793276959290519 -9999 -9999 -9999 -9999 -9999 -9999 -9999 -9999 -9999 -9999 -9999 -9999 -9999 -9999 -9999 -9999 -9999 -9999 -9999 -9999 -9999 -9999 -9999 -9999 -9999 -9999 -9999 -9999 -9999
0.0890068879175789 0.0468575045845509 0.0821304723764832 0.087535971741065 0.0551660504838522 0.0371512969926739 0.0382239355245621 0.0388587781813628 0.0744447815381655 0.0412919718683122 0.043070572074675 0.0384943235916779 0.0409642443026373 0.0453003670421705 0.0405817050053526 0.0452116980396067 0.0415751477384673 0.0363158677666163 0.0415486331907053 0.0385640142122219 0.0335596154265477 0.0358925524991509 0.0295760389487783 0.0364421915002916 0.0464507824072626 0.0316330474939394 0.0304535989669414 0.0283801584421766 0.0324285593388107 0.0427747024768231 0.0876859337155197 -9999 -9999 -9999 -9999 -9999 -9999 -9999 -9999 -9999 -9999 -9999 -9999 -9999 -9999 -9999 -9999 -9999 -9999 -9999 -9999 -9999 -9999 -9999 -9999 -9999 -9999 -9999 -9999 -9999 -9999
0.0491118265978985 0.0537819353124342 0.0442330988361387 0.0872577459753921 0.0554299425358257 0.0399875752772157 0.0396618855835878 0.0399603729215436 0.0413078684469907 0.0429428638294076 0.0440029788613401 0.0451248634594497 0.0451700352856635 0.0429925368179744 0.0397379311984569 0.0374771539937027 0.0354453799835681 0.0362022456307421 0.0377323673937851 0.038477207722615 0.0350761907719888 0.0380545565898931 0.0296959811776959 0.0382021930362159 0.0350383991010975 0.0344620122827122 0.0394745107532389 0.0331644688290561 0.0405308507831172 0.0487857853178003 0.0906219479016152 -9999 -9999 -9999 -9999 -9999 -9999 -9999 -9999 -9999 -9999 -9999 -9999 -9999 -9999 -9999 -9999 -9999 -9999 -9999 -9999 -9999 -9999 -9999 -9999 -9999 -9999 -9999 -9999 -9999 -9999
0.0508339258125529 0.0705943409231966 0.0930493080032054 0.100270928001143 0.0689925528048312 0.042954339785408 0.0712894329139194 0.0902076611298425 0.0844399690796261 0.0438022061016621 0.0437602107140807 0.0448280507435836 0.044486949105796 0.0434623575346537 0.0391287695458453 0.0399982607940555 0.0430884453563964 0.038278062088821 0.039310497685037 0.0395117411617112 0.0390280970949479 0.0390888911421591 0.0422818106971706 0.0409071885814992 0.0329542164295073 0.0404732322588733 0.0395686396972115 0.0333232465829288 0.0684934254547005 0.0699041181278052 0.0453905378045965 0.111008380724994 -9999 -9999 -9999 -9999 -9999 -9999 -9999 -9999 -9999 -9999 -9999 -9999 -9999 -9999 -9999 -9999 -9999 -9999 -9999 -9999 -9999 -9999 -9999 -9999 -9999 -9999 -9999 -9999 -9999
0.0565368414492015 0.0934006548231453 0.095837310093802 0.0946649912035388 0.101025483831823 0.097035987550485 0.0961292609420067 0.104143148226743 0.0804261906164101 0.048709625135266 0.0477353053246774 0.0506794760178082 0.0478778774929382 0.0447476694759832 0.047651587528981 0.0561086046236449 0.048307860506779 0.0539675941261471 0.0548023056935339 0.0543532290522107 0.052881642590534 0.0470206356486346 0.0442583618666261 0.0499985986677822 0.0384916274237085 0.0339063016907203 0.0328028569058054 0.0708479657428534 0.0745145259121322 0.0772325949829486 0.0458447724059847 0.0717952469501049 0.100942390484505 0.0995638553231273 0.097379935376214 0.0807897216617959 -9999 -9999 -9999 -9999 -9999 -9999 -9999 -9999 -9999 -9999 -9999 -9999 -9999 -9999 -9999 -9999 -9999 -9999 -9999 -9999 -9999 -9999 -9999 -9999 -9999
0.0585796382554529 0.11894699418205 0.118446015461028 0.129255892957182 0.122745106412846 0.109607207660488 0.102760192167401 0.110373884424901 0.0949768735187552 0.0991093061689163 0.0830574517573361 0.0472768200135148 0.0477118072494655 0.0425045368352295 0.0413839056069655 0.0542559052699115 0.0539106521507964 0.0576622469803798 0.0415902695905211 0.0466446455777468 0.0560810271942716 0.0584760591730014 0.0560153250268258 0.0544597586513808 0.0567132123922464 0.0515498646469102 0.0555507829240318 0.0865235491822326 0.0619273298722348 0.0568442865355189 0.0538483728355641 0.0862594379347049 0.0954861230056369 0.115475589198538 0.0872550858011981 0.0479698701254778 -9999 -9999 -9999 -9999 -9999 -9999 -9999 -9999 -9999 -9999 -9999 -9999 -9999 -9999 -9999 -9999 -9999 -9999 -9999 -9999 -9999 -9999 -9999 -9999 -9999
0.0583679108834139 0.12969345216185 0.138245321611354 0.142487819609317 0.12017664838368 0.11848036817291 0.137331141337012 0.140266852342148 0.160682117916934 0.149731938787186 0.145521744785107 0.140034749693392 0.130081356971105 0.111179126145234 0.046492452405089 0.0576150385487801 0.0716753889987306 0.0658601992028342 0.0491018701012328 0.0469405080376466 0.05660295560647 0.0678154923177427 0.0527651949012796 0.0478882194443147 0.0451804990900707 0.0471132177459663 0.0479052734788167 0.044735498199666 0.0663568598922397 0.0803142196174656 0.058639131259936 0.0984627809359214 0.0561470426499332 0.0593777418791686 0.0447726212949379 0.0444208030628149 -9999 -9999 -9999 -9999 -9999 -9999 -9999 -9999 -9999 -9999 -9999 -9999 -9999 -9999 -9999 -9999 -9999 -9999 -9999 -9999 -9999 -9999 -9999 -9999 -9999
0.0592435447753804 0.117306288379958 0.119783489738087 0.0999763150760648 0.10711921486231 0.13052449385305 0.139071434957091 0.120079135574175 0.1534840691167 0.140095333283324 0.0899339993938338 0.135532461591117 0.114949985837156 0.0478771405130242 0.0532301421558228 0.0506526607348839 0.0630407263262383 0.062999647696824 0.0616946217585959 0.0650215803671908 0.0541888746386481 0.0582901507834542 0.0480635964565955 0.0533034374595685 0.0497714637159502 0.0496458846442368 0.0413867456054428 0.0410839966383574 0.0395000215167464 0.0459281276453682 0.0801624571462755 0.105523543214 0.0573023203476842 0.0521270665644435 0.0467859079205554 0.0705662980013192 -9999 -9999 -9999 -9999 -9999 -9999 -9999 -9999 -9999 -9999 -9999 -9999 -9999 -9999 -9999 -9999 -9999 -9999 -9999 -9999 -9999 -9999 -9999 -9999 -9999
0.0626619460724942 0.149041158113303 0.123245651392576 0.124683315251531 0.0887050769510686 0.144879596684405 0.177463237585986 0.163419375500236 0.137048965665586 0.0773407386753347 0.11096793085947 0.0969964826990629 0.0910363979037013 0.0447655107923763 0.0443001165312732 0.0495136946728546 0.0573947407466181 0.0580857781575068 0.0600844708831199 0.0544330574711042 0.0398012246756004 0.039092472091567 0.0449487102148972 0.064555673776625 0.052265299900066 0.0389917677238672 0.038812925822329 0.0430882641333298 0.0462045142703906 0.0426211183326949 0.0424839279007306 0.133993940850661 0.0681902966725578 0.0593906184466567 0.0585224806536523 0.152736736052326 -9999 -9999 -9999 -9999 -9999 -9999 -9999 -9999 -9999 -9999 -9999 -9999 -9999 -9999 -9999 -9999 -9999 -9999 -9999 -9999 -9999 -9999 -9999 -9999 -9999
0.0968913320723306 0.135699447802439 0.141762610751884 0.14769872296007 0.140856387285595 0.203189896655227 0.21999945182967 0.235996691622206 0.1765624605993 0.109181376242111 0.154217291347554 0.136697843172455 0.10185138383303 0.0720069075634994 0.0449292657500673 0.0474400411074136 0.0498018054253899 0.0569355611924608 0.0547740961491703 0.0574814025046744 0.0483370846535935 0.037590018374973 0.0390975329311333 0.0385526918368939 0.0464424233768379 0.0423238473253953 0.0393843628671764 0.0444220009707795 0.0452074786587096 0.0411455832410535 0.0472770909321466 0.0687773774069782 0.052746467829901 0.0537716504169608 0.115061510564572 0.183091436200364 -9999 -9999 -9999 -9999 -9999 -9999 -9999 -9999 -9999 -9999 -9999 -9999 -9999 -9999 -9999 -9999 -9999 -9999 -9999 -9999 -9999 -9999 -9999 -9999 -9999
0.148940920900199 0.157817363445672 0.140198100352269 0.146124350173878 0.202928124795957 0.263401108233457 0.257436008669077 0.195083634121656 0.0975406198259541 0.0586851852119586 0.07859314731468 0.0544305694836121 0.0907385607842779 0.0507785407448852 0.061164775435642 0.0906165803470933 0.0624751879668001 0.0496584127716174 0.0514282513016695 0.0579243153128203 0.0564638078798917 0.0542013794832775 0.0395778830366395 0.0388034441610079 0.0406166861032546 0.0493746047054669 0.0441813352755154 0.0440789714731141 0.0436563765183634 0.0450082315899765 0.0470866479069283 0.0521891611145388 0.0816219954721614 0.0613370889674326 0.0705661688951964 0.178378408776367 -9999 -9999 -9999 -9999 -9999 -9999 -9999 -9999 -9999 -9999 -9999 -9999 -9999 -9999 -9999 -9999 -9999 -9999 -9999 -9999 -9999 -9999 -9999 -9999 -9999
0.141468543401407 0.146218576086351 0.177313367607889 0.196910946702612 0.245527433924739 0.261117923827204 0.226520935853921 0.163890456606869 0.133565935091439 0.0627903004535891 0.0604451665649512 0.0514258225107705 0.0835705545076989 0.0488608878235873 0.0458383617923077 0.067971002924975 0.0854462401847867 0.0855245769400915 0.0372692930589343 0.0445604661847529 0.0531733469625817 0.0568291637228215 0.0507833396107435 0.0397485234813125 0.0385518538012217 0.0405380592643287 0.0483608837732131 0.0482910526426301 0.042145912174469 0.0431139168759923 0.0484761103460166 0.0530566965576634 0.0544990101369141 0.063257500846209 0.0798510840044584 0.116614946083767 -9999 -9999 -9999 -9999 -9999 -9999 -9999 -9999 -9999 -9999 -9999 -9999 -9999 -9999 -9999 -9999 -9999 -9999 -9999 -9999 -9999 -9999 -9999 -9999 -9999
0.150966931058497 0.1625493751304 0.224160809438309 0.212101270357587 0.238979439146507 0.216473126812901 0.207309891440446 0.168573665727521 0.122425975358031 0.0584367000708827 0.0539722317854277 0.0437661449985399 0.0484537534676876 0.0472985172167124 0.0407846366588074 0.0446536440752909 0.0475724602997201 0.089916139117081 0.0795005320377466 0.0377399747365078 0.0425293181045378 0.0518678350720121 0.0510562624351796 0.0564412412870678 0.0403063303057764 0.0405563234457537 0.0415708793733731 0.0495257239125946 0.0434075314268724 0.0428048011885781 0.0485927585342529 0.0535666980270574 0.0579184669152641 0.0555170872983175 0.0558281271124366 0.0771599279985477 -9999 -9999 -9999 -9999 -9999 -9999 -9999 -9999 -9999 -9999 -9999 -9999 -9999 -9999 -9999 -9999 -9999 -9999 -9999 -9999 -9999 -9999 -9999 -9999 -9999
0.167387489267054 0.204445494493778 0.210488853789949 0.192207170824638 0.189162722528455 0.180748248485525 0.190012958620085 0.107866265574802 0.0859513534992166 0.057062685636004 0.0532353602216284 0.046912420497351 0.065328265592505 0.0453276352021367 0.0424989609540211 0.0404073034087766 0.0410165255510214 0.0669568451067946 0.116718646798318 0.0725681699062125 0.0376624173168451 0.0396121321124718 0.0907399490697077 0.103020384123885 0.0475856828775476 0.0412288427157187 0.0414038352929594 0.0506001681769481 0.0478035273039263 0.047699964309265 0.0487222578383651 0.0500756448653606 0.0482678745792196 0.0552039358843333 0.0559968103070384 -9999 -9999 -9999 -9999 -9999 -9999 -9999 -9999 -9999 -9999 -9999 -9999 -9999 -9999 -9999 -9999 -9999 -9999 -9999 -9999 -9999 -9999 -9999 -9999 -9999 -9999
